X	Y
858	3258.0
859	3258.0
860	3258.0
861	3258.0
862	3258.0
863	3258.0
864	3258.0
865	3258.0
866	3258.0
867	3258.0
868	3258.0
869	3258.0
870	3258.0
871	3258.0
872	3258.0
873	3258.0
874	3258.0
875	3258.0
876	3258.0
877	3258.0
878	3258.0
879	3258.0
880	3258.0
881	3258.0
882	3258.0
883	3258.0
884	3258.0
885	3258.0
886	3258.0
887	3258.0
888	3258.0
889	3258.0
890	3258.0
891	3258.0
892	3258.0
893	3258.0
894	3258.0
895	3258.0
896	3258.0
897	3258.0
898	3258.0
899	3258.0
900	3258.0
901	3258.0
902	3258.0
903	3258.0
904	3258.0
905	3258.0
906	3258.0
907	3258.0
908	3258.0
909	3258.0
910	3258.0
911	3258.0
912	3258.0
913	3258.0
914	3258.0
915	3258.0
916	3258.0
917	3258.0
918	3258.0
919	3258.0
920	3258.0
921	3258.0
922	3258.0
923	3258.0
924	3258.0
925	3258.0
926	3258.0
927	3258.0
928	3258.0
929	3258.0
930	3258.0
931	3258.0
932	3258.0
933	3258.0
934	3258.0
935	3258.0
936	3258.0
937	3258.0
938	3258.0
939	3258.0
940	3258.0
941	3258.0
942	3258.0
943	3258.0
944	3258.0
945	3258.0
946	3258.0
947	3258.0
948	3258.0
949	3258.0
950	3258.0
951	3258.0
952	3258.0
953	3258.0
954	3258.0
955	3258.0
956	3258.0
957	3258.0
958	3258.0
959	3258.0
960	3258.0
961	3258.0
962	3258.0
963	3258.0
964	3258.0
965	3258.0
966	3258.0
967	3258.0
968	3258.0
969	3258.0
970	3258.0
971	3258.0
972	3258.0
973	3258.0
974	3258.0
975	3258.0
976	3258.0
977	3258.0
978	3258.0
979	3258.0
980	3258.0
981	3258.0
982	3258.0
983	3258.0
984	3258.0
985	3258.0
986	3258.0
987	3258.0
988	3258.0
989	3258.0
990	3258.0
991	3258.0
992	3258.0
993	3258.0
994	3258.0
995	3258.0
996	3258.0
997	3258.0
998	3258.0
999	3258.0
1000	3258.0
1001	3258.0
1002	3258.0
1003	3258.0
1004	3258.0
1005	3258.0
1006	3258.0
1007	3258.0
1008	3258.0
1009	3258.0
1010	3258.0
1011	3258.0
1012	3258.0
1013	3258.0
1014	3258.0
1015	3258.0
1016	3258.0
1017	3258.0
1018	3258.0
1019	3258.0
1020	3258.0
1021	3258.0
1022	3258.0
1023	3258.0
1024	3258.0
1025	3258.0
1026	3258.0
1027	3258.0
1028	3258.0
1029	3258.0
1030	3258.0
1031	3258.0
1032	3258.0
1033	3257.5
1034	3256.5
1035	3256.0
1036	3255.684210526316
1037	3255.0
1038	3254.5
1039	3254.5
1040	3254.5
1041	3254.5
1042	3254.5
1043	3254.5
1044	3254.5
1045	3254.0
1046	3253.5
1047	3253.5
1048	3252.5
1049	3251.5
1050	3251.0
1051	3251.0
1052	3250.5
1053	3249.5
1054	3249.0
1055	3247.5
1056	3242.5
1057	3242.0
1058	3241.5
1059	3241.0
1060	3240.8285714285716
1061	3240.5
1062	3240.5
1063	3240.5
1064	3240.0
1065	3239.5
1066	3239.0
1067	3238.0
1068	3235.5
1069	3233.5
1070	3232.0344827586205
1071	3227.0
1072	3226.5
1073	3226.5
1074	3226.5
1075	3226.5
1076	3226.5
1077	3226.190476190476
1078	3226.0
1079	3224.5
1080	3223.5
1081	3222.5
1082	3221.0
1083	3218.5
1084	3217.5
1085	3216.0
1086	3214.5
1087	3214.0
1088	3213.5
1089	3213.0
1090	3212.0
1091	3211.5
1092	3211.0
1093	3210.5
1094	3208.6071428571427
1095	3208.0
1096	3207.5
1097	3207.0
1098	3205.5
1099	3204.0
1100	3203.5
1101	3202.5
1102	3202.0
1103	3202.0
1104	3202.0
1105	3202.0
1106	3202.0
1107	3202.0
1108	3202.0
1109	3202.0
1110	3202.0
1111	3202.0
1112	3202.0
1113	3202.0
1114	3202.0
1115	3202.0
1116	3202.0
1117	3202.0
1118	3202.0
1119	3202.0
1120	3202.0
1121	3202.0
1122	3202.0
1123	3202.0
1124	3202.0
1125	3202.0
1126	3202.0
1127	3202.0
1128	3202.0
1129	3202.0
1130	3202.0
1131	3202.0
1132	3202.0
1133	3202.0
1134	3202.0
1135	3202.0
1136	3202.0
1137	3202.0
1138	3202.0
1139	3202.0
1140	3202.0
1141	3202.0
1142	3202.0
1143	3202.0
1144	3202.0
1145	3202.0
1146	3202.0
1147	3202.0
1148	3202.0
1149	3202.0
1150	3202.0
1151	3202.0
1152	3202.0
1153	3202.0
1154	3202.0
1155	3202.0
1156	3202.0
1157	3202.0
1158	3202.0
1159	3202.0
1160	3202.0
1161	3202.0
1162	3202.0
1163	3202.0
1164	3202.0
1165	3202.0
1166	3202.0
1167	3202.0
1168	3202.0
1169	3202.0
1170	3202.0
1171	3202.0
1172	3202.0
1173	3202.0
1174	3202.0
1175	3202.0
1176	3202.0
1177	3202.0
1178	3202.0
1179	3202.0
1180	3202.0
1181	3202.0
1182	3202.0
1183	3202.0
1184	3202.0
1185	3202.0
1186	3202.0
1187	3202.0
1188	3202.0
1189	3202.0
1190	3202.0
1191	3202.0
1192	3202.0
1193	3202.0
1194	3201.5
1195	3200.764705882353
1196	3200.0
1197	3199.5
1198	3199.0
1199	3198.5
1200	3198.5
1201	3198.5
1202	3198.5
1203	3198.5
1204	3198.5
1205	3198.5
1206	3198.0
1207	3197.5
1208	3197.0
1209	3196.5
1210	3195.5
1211	3195.0
1212	3195.0
1213	3195.0
1214	3195.0
1215	3195.0
1216	3195.0
1217	3195.0
1218	3195.0
1219	3195.0
1220	3195.0
1221	3195.0
1222	3195.0
1223	3195.0
1224	3194.5
1225	3193.5
1226	3193.0
1227	3192.5
1228	3192.0
1229	3191.5
1230	3191.5
1231	3191.5
1232	3191.5
1233	3191.5
1234	3191.5
1235	3191.5
1236	3191.0
1237	3190.5
1238	3190.0
1239	3189.5
1240	3188.5
1241	3188.0
1242	3188.0
1243	3188.0
1244	3188.0
1245	3188.0
1246	3188.0
1247	3188.0
1248	3188.0
1249	3188.0
1250	3188.0
1251	3188.0
1252	3188.0
1253	3188.0
1254	3188.0
1255	3188.0
1256	3188.0
1257	3188.0
1258	3188.0
1259	3188.0
1260	3188.0
1261	3188.0
1262	3188.0
1263	3188.0
1264	3188.0
1265	3188.0
1266	3188.0
1267	3188.0
1268	3188.0
1269	3188.0
1270	3188.0
1271	3188.0
1272	3188.0
1273	3188.0
1274	3188.0
1275	3188.0
1276	3188.0
1277	3188.0
1278	3188.0
1279	3188.0
1280	3188.0
1281	3188.0
1282	3188.0
1283	3188.0
1284	3188.0
1285	3188.0
1286	3188.0
1287	3187.5
1288	3186.0
1289	3185.5
1290	3185.0
1291	3184.5
1292	3184.0
1293	3184.0
1294	3184.0
1295	3184.0
1296	3184.0
1297	3184.0
1298	3184.0
1299	3183.5
1300	3183.0
1301	3182.5
1302	3182.0
1303	3180.5
1304	3180.0
1305	3180.0
1306	3180.0
1307	3180.0
1308	3180.0
1309	3180.0
1310	3180.0
1311	3180.0
1312	3180.0
1313	3180.0
1314	3180.0
1315	3180.0
1316	3180.0
1317	3179.5
1318	3178.5
1319	3178.0
1320	3177.5
1321	3177.0
1322	3176.5
1323	3176.5
1324	3176.5
1325	3176.5
1326	3176.5
1327	3176.5
1328	3176.5
1329	3176.0
1330	3175.5
1331	3175.0
1332	3174.235294117647
1333	3173.5
1334	3173.0
1335	3173.0
1336	3172.5
1337	3171.5
1338	3171.0
1339	3170.5
1340	3170.0
1341	3169.5
1342	3169.5
1343	3169.5
1344	3169.5
1345	3169.5
1346	3169.5
1347	3169.5
1348	3169.0
1349	3168.5
1350	3168.0
1351	3167.0
1352	3165.0
1353	3164.0
1354	3163.5
1355	3163.0
1356	3162.5
1357	3162.5
1358	3162.714285714286
1359	3162.5
1360	3162.5
1361	3162.5
1362	3162.5
1363	3162.0
1364	3161.5
1365	3161.0
1366	3160.5
1367	3159.5
1368	3159.0
1369	3159.0
1370	3159.0
1371	3159.0
1372	3159.0
1373	3159.0
1374	3159.0
1375	3159.0
1376	3159.0
1377	3159.0
1378	3159.0
1379	3159.0
1380	3159.0
1381	3159.0
1382	3159.0
1383	3159.0
1384	3159.0
1385	3159.0
1386	3159.0
1387	3159.0
1388	3159.0
1389	3159.0
1390	3159.0
1391	3159.0
1392	3159.0
1393	3159.0
1394	3159.0
1395	3159.0
1396	3159.0
1397	3159.0
1398	3159.0
1399	3159.0
1400	3159.0
1401	3159.0
1402	3159.0
1403	3159.0
1404	3159.0
1405	3159.0
1406	3159.0
1407	3159.0
1408	3159.0
1409	3159.0
1410	3159.0
1411	3159.0
1412	3159.0
1413	3159.0
1414	3159.0
1415	3159.0
1416	3159.0
1417	3159.0
1418	3159.0
1419	3159.0
1420	3159.0
1421	3159.0
1422	3159.0
1423	3159.0
1424	3159.0
1425	3159.0
1426	3159.0
1427	3159.0
1428	3159.0
1429	3159.0
1430	3159.0
1431	3159.0
1432	3159.0
1433	3159.0
1434	3159.0
1435	3159.0
1436	3159.0
1437	3159.0
1438	3159.0
1439	3159.0
1440	3159.0
1441	3159.0
1442	3159.0
1443	3159.0
1444	3159.0
1445	3159.0
1446	3159.0
1447	3159.0
1448	3158.5
1449	3157.5
1450	3157.0
1451	3156.5
1452	3156.0
1453	3155.5
1454	3155.5
1455	3155.5
1456	3155.5
1457	3155.5
1458	3155.5
1459	3155.4545454545455
1460	3153.5
1461	3152.5
1462	3151.5
1463	3150.5
1464	3149.0
1465	3148.5
1466	3148.5
1467	3148.0
1468	3147.0
1469	3146.5
1470	3146.0
1471	3145.0
1472	3144.0
1473	3143.5
1474	3143.0
1475	3141.5
1476	3141.5
1477	3141.5
1478	3141.5
1479	3141.0
1480	3140.5
1481	3140.0
1482	3139.5
1483	3138.5
1484	3138.0
1485	3138.0
1486	3138.0
1487	3138.0
1488	3138.0
1489	3138.0
1490	3138.0
1491	3138.0
1492	3138.0
1493	3138.0
1494	3138.0
1495	3138.0
1496	3138.0
1497	3138.0
1498	3138.0
1499	3138.0
1500	3138.0
1501	3138.0
1502	3138.0
1503	3138.0
1504	3138.0
1505	3138.0
1506	3138.0
1507	3138.0
1508	3137.5
1509	3136.5
1510	3136.0
1511	3135.5
1512	3135.0
1513	3134.5
1514	3134.5
1515	3134.5
1516	3134.5
1517	3134.5
1518	3134.5
1519	3134.5
1520	3134.0
1521	3133.5
1522	3133.0
1523	3132.5
1524	3131.5
1525	3131.0
1526	3131.0
1527	3131.0
1528	3131.0
1529	3131.0
1530	3131.0
1531	3131.0
1532	3131.0
1533	3131.0
1534	3131.0
1535	3131.0
1536	3131.0
1537	3131.0
1538	3130.5
1539	3129.0
1540	3128.5
1541	3128.0
1542	3127.5
1543	3127.0
1544	3127.0
1545	3127.0
1546	3127.0
1547	3127.0
1548	3127.0
1549	3127.0
1550	3126.5
1551	3126.0
1552	3125.0
1553	3123.5
1554	3121.5
1555	3120.5
1556	3119.5
1557	3118.0
1558	3117.5
1559	3117.0
1560	3116.5
1561	3116.0
1562	3116.0
1563	3116.0
1564	3115.5
1565	3115.0
1566	3114.5
1567	3113.5
1568	3111.0
1569	3109.5
1570	3108.5
1571	3107.0
1572	3104.64
1573	3103.5
1574	3103.0
1575	3102.0
1576	3097.0
1577	3096.5
1578	3096.0
1579	3094.5
1580	3092.0
1581	3091.0
1582	3088.5652173913045
1583	3086.0
1584	3084.5
1585	3083.5
1586	3082.0
1587	3079.0
1588	3077.5
1589	3076.5
1590	3075.5
1591	3070.0
1592	3069.0
1593	3068.5
1594	3068.0
1595	3066.0
1596	3064.5
1597	3063.5
1598	3061.0
1599	3059.5
1600	3058.5
1601	3057.5
1602	3056.0
1603	3055.5
1604	3055.5
1605	3055.0
1606	3054.0
1607	3053.5
1608	3053.0
1609	3052.0
1610	3051.0
1611	3050.5
1612	3049.5
1613	3047.5
1614	3046.5
1615	3046.0
1616	3045.0
1617	3042.5
1618	3041.5
1619	3040.5
1620	3039.5
1621	3038.0
1622	3037.5
1623	3037.5
1624	3037.0
1625	3036.5
1626	3036.0
1627	3035.5
1628	3034.0
1629	3033.0
1630	3032.5
1631	3032.0
1632	3030.5
1633	3030.0
1634	3030.0
1635	3029.266666666667
1636	3028.5
1637	3028.0
1638	3027.5
1639	3027.0
1640	3026.5
1641	3026.5
1642	3026.0
1643	3025.0
1644	3024.5
1645	3023.653846153846
1646	3023.5
1647	3022.5
1648	3022.0
1649	3021.5
1650	3021.0
1651	3020.0
1652	3019.5
1653	3019.5
1654	3019.0
1655	3018.5
1656	3018.0
1657	3017.0
1658	3015.0
1659	3014.0
1660	3013.5
1661	3013.0
1662	3012.5
1663	3012.5
1664	3012.5
1665	3012.0
1666	3011.0
1667	3010.5
1668	3010.0
1669	3009.0
1670	3008.0
1671	3007.5
1672	3007.0
1673	3006.0
1674	3005.5
1675	3005.5
1676	3005.5
1677	3005.0
1678	3004.5
1679	3004.0
1680	3003.0
1681	3000.5
1682	2999.5
1683	2999.0
1684	2998.5
1685	2998.0
1686	2998.0
1687	2997.5
1688	2996.5
1689	2996.0
1690	2995.5
1691	2995.0
1692	2994.0
1693	2993.5
1694	2993.0
1695	2992.0
1696	2989.5
1697	2988.5
1698	2988.0
1699	2987.0
1700	2986.0
1701	2985.5
1702	2985.0
1703	2984.0
1704	2983.5
1705	2983.5
1706	2983.0
1707	2981.5
1708	2980.5
1709	2978.5
1710	2976.0
1711	2974.5
1712	2973.5
1713	2973.0
1714	2972.5
1715	2972.5
1716	2972.5
1717	2972.5
1718	2972.0
1719	2971.5
1720	2971.0
1721	2970.0
1722	2967.5
1723	2965.5
1724	2963.5
1725	2960.5
1726	2959.5
1727	2959.0
1728	2958.5
1729	2958.0
1730	2958.0
1731	2958.0
1732	2958.0
1733	2957.5
1734	2957.0
1735	2956.5
1736	2956.0
1737	2954.5
1738	2953.0
1739	2952.5
1740	2951.5
1741	2951.0
1742	2951.0
1743	2950.5
1744	2949.5
1745	2949.0
1746	2948.5
1747	2948.0
1748	2947.5
1749	2947.5
1750	2947.5
1751	2947.0
1752	2946.0
1753	2945.5
1754	2944.0
1755	2941.5
1756	2940.5
1757	2939.5
1758	2938.0
1759	2932.0
1760	2931.0
1761	2930.5
1762	2930.0
1763	2929.0
1764	2928.048780487805
1765	2928.0
1766	2927.0
1767	2924.5
1768	2922.5
1769	2920.5
1770	2909.5
1771	2908.0
1772	2906.5576923076924
1773	2906.0
1774	2901.0
1775	2900.5
1776	2900.5
1777	2900.0
1778	2891.0
1779	2890.0
1780	2888.0
1781	2875.0
1782	2873.0
1783	2871.0
1784	2869.5
1785	2859.5
1786	2858.5
1787	2858.0
1788	2857.0
1789	2847.5
1790	2846.5
1791	2845.5
1792	2844.0
1793	2833.5
1794	2831.5
1795	2830.5
1796	2817.5
1797	2816.0
1798	2815.5
1799	2814.5
1800	2808.5
1801	2807.0
1802	2806.0
1803	2804.5
1804	2790.0
1805	2788.5
1806	2787.5
1807	2786.0
1808	2783.5
1809	2782.5
1810	2781.0
1811	2779.0
1812	2778.0
1813	2777.0
1814	2775.5
1815	2769.0
1816	2767.5
1817	2766.5
1818	2765.0
1819	2757.5
1820	2756.0
1821	2755.0
1822	2753.076923076923
1823	2740.0
1824	2738.0
1825	2737.0
1826	2735.0
1827	2733.1454545454544
1828	2733.0
1829	2732.5
1830	2731.0
1831	2730.0
1832	2729.5
1833	2729.0
1834	2727.0
1835	2726.0
1836	2725.5
1837	2724.5
1838	2711.5
1839	2710.5
1840	2709.0
1841	2700.5
1842	2700.0
1843	2699.5
1844	2698.5
1845	2696.5
1846	2696.0
1847	2695.5
1848	2695.0
1849	2694.0
1850	2693.5
1851	2692.5
1852	2691.0
1853	2688.9148936170213
1854	2686.0666666666666
1855	2685.0
1856	2675.0
1857	2673.5
1858	2672.5
1859	2671.0
1860	2668.21875
1861	2667.0
1862	2666.5
1863	2665.0
1864	2655.5
1865	2654.5
1866	2652.5
1867	2649.5
1868	2648.0
1869	2647.0
1870	2645.5576923076924
1871	2644.0
1872	2643.0
1873	2642.5
1874	2642.0
1875	2640.5
1876	2639.5
1877	2639.0
1878	2638.4615384615386
1879	2629.5
1880	2628.0
1881	2627.0
1882	2625.0
1883	2624.0
1884	2623.5
1885	2622.5
1886	2617.0
1887	2616.5
1888	2616.0
1889	2615.0
1890	2613.5
1891	2613.0
1892	2612.5
1893	2612.0
1894	2610.5
1895	2610.0
1896	2609.5
1897	2608.0
1898	2607.0
1899	2606.5
1900	2606.0
1901	2600.5
1902	2599.5
1903	2599.0
1904	2598.0
1905	2595.5
1906	2594.5
1907	2594.0
1908	2593.0
1909	2591.5
1910	2591.0
1911	2589.5
1912	2588.0
1913	2587.5
1914	2587.0
1915	2586.5
1916	2585.5
1917	2585.0
1918	2584.818181818182
1919	2583.5
1920	2580.5
1921	2579.0
1922	2577.0
1923	2574.5
1924	2572.5
1925	2570.5
1926	2569.5
1927	2568.0
1928	2567.5
1929	2567.5
1930	2567.5
1931	2567.0
1932	2566.5
1933	2566.0
1934	2565.5
1935	2564.0
1936	2562.5
1937	2562.0
1938	2555.5
1939	2554.5
1940	2554.0
1941	2553.0
1942	2547.5
1943	2547.0
1944	2546.5
1945	2546.0
1946	2545.5
1947	2545.5
1948	2545.5
1949	2545.0
1950	2544.5
1951	2544.0
1952	2543.5
1953	2538.5
1954	2537.5
1955	2537.0
1956	2536.5
1957	2531.5
1958	2531.0
1959	2531.0
1960	2531.0
1961	2522.0
1962	2521.5
1963	2521.0
1964	2520.5
1965	2520.0
1966	2520.0
1967	2520.0
1968	2520.0
1969	2520.0
1970	2520.0
1971	2519.5
1972	2518.0
1973	2517.0
1974	2516.0
1975	2515.0
1976	2506.0
1977	2505.5
1978	2505.5
1979	2505.5
1980	2505.5
1981	2505.5
1982	2505.0
1983	2503.5
1984	2502.5
1985	2501.5
1986	2500.5
1987	2499.0
1988	2498.5
1989	2498.5
1990	2498.5
1991	2498.5
1992	2498.5
1993	2498.5
1994	2497.5
1995	2495.5
1996	2494.5
1997	2492.5
1998	2490.0
1999	2489.0
2000	2488.5
2001	2488.0
2002	2487.5
2003	2487.5
2004	2487.5
2005	2487.0
2006	2485.5
2007	2484.5
2008	2483.5
2009	2482.5
2010	2480.0
2011	2478.5
2012	2478.0
2013	2477.0
2014	2476.5
2015	2476.5
2016	2476.5
2017	2476.0
2018	2475.5
2019	2475.0
2020	2474.0
2021	2468.0
2022	2467.0
2023	2465.5
2024	2460.5
2025	2460.0
2026	2459.5
2027	2459.0
2028	2458.5
2029	2458.5
2030	2458.5
2031	2458.0
2032	2456.0
2033	2455.0
2034	2454.0
2035	2452.5
2036	2445.5
2037	2443.5
2038	2442.5
2039	2437.5
2040	2436.5
2041	2436.5
2042	2436.5
2043	2436.0
2044	2435.5
2045	2435.0
2046	2434.0
2047	2427.0
2048	2425.5
2049	2424.5
2050	2423.5
2051	2422.0
2052	2421.5
2053	2421.5
2054	2421.5
2055	2421.5
2056	2421.5
2057	2421.5
2058	2421.0
2059	2420.5
2060	2420.0
2061	2419.0
2062	2413.0
2063	2412.0
2064	2411.5
2065	2410.8571428571427
2066	2405.0
2067	2404.5
2068	2404.0
2069	2403.5
2070	2403.0
2071	2403.0
2072	2403.0
2073	2402.5
2074	2402.0
2075	2401.5
2076	2400.5
2077	2398.0
2078	2396.5
2079	2394.5
2080	2392.5
2081	2387.0
2082	2386.0
2083	2385.5
2084	2385.0
2085	2385.0
2086	2385.0
2087	2385.0
2088	2384.5
2089	2384.0
2090	2383.5
2091	2383.0
2092	2381.5
2093	2380.0
2094	2379.5
2095	2378.5
2096	2378.0
2097	2378.0
2098	2377.5
2099	2376.0
2100	2375.5
2101	2375.0
2102	2374.5
2103	2374.0
2104	2374.0
2105	2374.0
2106	2373.5
2107	2372.5
2108	2372.0
2109	2371.5
2110	2370.5
2111	2369.5
2112	2369.0
2113	2368.5
2114	2367.0
2115	2366.5
2116	2366.5
2117	2366.5
2118	2366.0
2119	2365.5
2120	2365.0
2121	2364.5
2122	2363.5
2123	2363.0
2124	2363.0
2125	2363.0
2126	2363.0
2127	2363.0
2128	2363.0
2129	2363.0
2130	2363.0
2131	2363.0
2132	2363.0
2133	2363.0
2134	2363.0
2135	2363.0
2136	2363.0
2137	2363.0
2138	2363.0
2139	2363.0
2140	2363.0
2141	2363.0
2142	2363.0
2143	2363.0
2144	2363.0
2145	2363.0
2146	2363.0
2147	2363.0
2148	2363.0
2149	2363.0
2150	2363.0
2151	2363.0
2152	2363.0
2153	2363.0
2154	2362.5
2155	2361.5
2156	2361.0
2157	2360.5
2158	2360.35
2159	2359.5
2160	2359.5
2161	2359.5
2162	2359.5
2163	2359.5
2164	2359.5
2165	2359.5
2166	2359.0
2167	2358.5
2168	2358.0
2169	2357.5
2170	2356.5
2171	2356.0
2172	2356.0
2173	2355.5
2174	2354.0
2175	2353.5
2176	2353.0
2177	2352.0
2178	2350.5
2179	2350.0
2180	2349.5
2181	2349.5
2182	2348.5
2183	2348.5
2184	2348.0
2185	2342.5
2186	2341.5
2187	2340.5
2188	2339.5
2189	2337.0
2190	2336.0
2191	2335.5
2192	2335.0
2193	2334.0
2194	2333.5
2195	2333.0
2196	2331.5
2197	2330.5
2198	2329.5
2199	2328.0
2200	2321.5
2201	2320.5
2202	2320.0
2203	2319.0
2204	2313.5
2205	2313.0
2206	2312.0243902439024
2207	2311.0
2208	2309.0
2209	2308.0
2210	2307.0
2211	2305.0
2212	2303.5
2213	2303.0
2214	2302.5
2215	2301.0
2216	2300.0
2217	2299.090909090909
2218	2299.0
2219	2293.5
2220	2292.5
2221	2291.5
2222	2286.0
2223	2284.5
2224	2283.5
2225	2283.0
2226	2282.5
2227	2282.5
2228	2282.5
2229	2282.5
2230	2282.5
2231	2282.5
2232	2282.5
2233	2282.0
2234	2281.5
2235	2281.0
2236	2280.5
2237	2275.5
2238	2275.0
2239	2275.0
2240	2275.0
2241	2262.5
2242	2262.0
2243	2261.5
2244	2260.5
2245	2258.5
2246	2258.0
2247	2257.5
2248	2256.5
2249	2255.5
2250	2254.5
2251	2253.0
2252	2247.0
2253	2246.0
2254	2245.0
2255	2243.5
2256	2226.0
2257	2224.5
2258	2223.5
2259	2222.0
2260	2218.0
2261	2216.5
2262	2215.8867924528304
2263	2214.5
2264	2212.5
2265	2211.0
2266	2210.0
2267	2203.5
2268	2202.0
2269	2201.0
2270	2200.0
2271	2194.5
2272	2193.5
2273	2193.0
2274	2192.0
2275	2185.5
2276	2184.5
2277	2184.0
2278	2182.5
2279	2180.5
2280	2179.5
2281	2177.5
2282	2171.0
2283	2170.0
2284	2169.5
2285	2169.0
2286	2168.0
2287	2167.5
2288	2167.0
2289	2166.5
2290	2161.0
2291	2160.0
2292	2159.5
2293	2159.0
2294	2157.5
2295	2156.0
2296	2155.5
2297	2150.5
2298	2150.0
2299	2150.0
2300	2150.0
2301	2150.0
2302	2150.0
2303	2150.0
2304	2150.0
2305	2150.0
2306	2150.0
2307	2149.5
2308	2144.5
2309	2144.0
2310	2143.5
2311	2143.0
2312	2142.5
2313	2142.5
2314	2142.5
2315	2142.5
2316	2142.5
2317	2142.137931034483
2318	2142.5
2319	2142.0
2320	2141.5
2321	2141.0
2322	2140.5
2323	2135.5
2324	2135.0
2325	2135.0
2326	2135.0
2327	2135.0
2328	2135.0
2329	2135.0
2330	2135.0
2331	2135.0
2332	2135.0
2333	2135.0
2334	2135.0
2335	2135.0
2336	2135.0
2337	2135.0
2338	2135.0
2339	2135.0
2340	2135.0
2341	2135.0
2342	2135.0
2343	2135.0
2344	2135.0
2345	2135.0
2346	2135.0
2347	2135.0
2348	2135.0
2349	2134.5
2350	2133.5
2351	2133.0
2352	2131.5
2353	2130.0
2354	2129.5
2355	2129.0
2356	2128.5
2357	2128.0
2358	2128.0
2359	2128.0
2360	2127.5
2361	2125.5
2362	2124.5
2363	2123.5
2364	2122.5
2365	2120.5
2366	2119.0
2367	2118.0
2368	2116.0
2369	2115.0
2370	2114.5
2371	2113.206896551724
2372	2111.5
2373	2110.5
2374	2109.5
2375	2108.5
2376	2106.5
2377	2106.0
2378	2106.0
2379	2105.5
2380	2105.0
2381	2104.5
2382	2103.5
2383	2100.5
2384	2099.0
2385	2098.0
2386	2097.0
2387	2095.5
2388	2095.0
2389	2095.0
2390	2094.913043478261
2391	2090.0
2392	2089.5
2393	2089.0
2394	2088.0
2395	2087.0
2396	2085.71875
2397	2086.0
2398	2084.5
2399	2084.0
2400	2084.0
2401	2084.0
2402	2083.5
2403	2083.0
2404	2082.4
2405	2082.0
2406	2077.5
2407	2077.0
2408	2077.0
2409	2077.0
2410	2077.0
2411	2077.0
2412	2076.5
2413	2075.0
2414	2074.5
2415	2074.0
2416	2073.5
2417	2073.0
2418	2073.0
2419	2073.0
2420	2073.0
2421	2073.0
2422	2073.0
2423	2072.5
2424	2071.0
2425	2070.0
2426	2069.0
2427	2068.0
2428	2066.2272727272725
2429	2065.5
2430	2065.5
2431	2065.5
2432	2065.5
2433	2065.5
2434	2065.5
2435	2065.0
2436	2064.5
2437	2064.0
2438	2062.294117647059
2439	2061.0
2440	2060.0
2441	2059.5
2442	2059.0
2443	2058.5
2444	2058.5
2445	2058.5
2446	2058.5
2447	2058.5
2448	2058.5
2449	2058.5
2450	2058.0
2451	2057.5
2452	2057.0
2453	2056.5
2454	2055.5
2455	2055.0
2456	2055.0
2457	2055.0
2458	2055.0
2459	2055.0
2460	2055.0
2461	2055.0
2462	2055.0
2463	2055.0
2464	2055.0
2465	2055.0
2466	2055.0
2467	2055.0
2468	2055.0
2469	2055.0
2470	2055.0
2471	2055.0
2472	2055.0
2473	2055.0
2474	2055.0
2475	2055.0
2476	2055.0
2477	2055.0
2478	2055.0
2479	2055.0
2480	2055.0
2481	2055.0
2482	2055.0
2483	2055.0
2484	2055.0
2485	2055.0
2486	2055.0
2487	2055.0
2488	2055.0
2489	2055.0
2490	2055.0
2491	2055.0
2492	2055.0
2493	2055.0
2494	2054.5
2495	2053.0
2496	2052.5
2497	2052.0
2498	2051.5
2499	2051.0
2500	2051.0
2501	2051.0
2502	2050.5
2503	2049.5
2504	2049.0
2505	2048.925925925926
2506	2047.5
2507	2046.5
2508	2046.0
2509	2045.5
2510	2044.0
2511	2043.5
2512	2043.5
2513	2043.0
2514	2041.0
2515	2040.0
2516	2039.0
2517	2038.0
2518	2036.5
2519	2036.0
2520	2036.0
2521	2036.0
2522	2036.0
2523	2036.0
2524	2036.0
2525	2035.5
2526	2035.0
2527	2034.5
2528	2034.0
2529	2032.5
2530	2032.0
2531	2032.0
2532	2032.0
2533	2032.0
2534	2032.0
2535	2032.0
2536	2032.0
2537	2032.0
2538	2032.0
2539	2031.5
2540	2030.5
2541	2030.0
2542	2029.5
2543	2029.0
2544	2028.5
2545	2028.5
2546	2028.5
2547	2028.5
2548	2028.5
2549	2028.5
2550	2028.5
2551	2028.0
2552	2027.5
2553	2027.0
2554	2026.5
2555	2025.5
2556	2025.0
2557	2025.0
2558	2025.0
2559	2025.0
2560	2025.0
2561	2025.0
2562	2025.0
2563	2025.0
2564	2025.0
2565	2025.0
2566	2025.0
2567	2025.0
2568	2025.0
2569	2025.0
2570	2025.0
2571	2025.0
2572	2025.0
2573	2025.0
2574	2025.0
2575	2025.0
2576	2025.0
2577	2025.0
2578	2025.0
2579	2025.0
2580	2025.0
2581	2025.0
2582	2025.0
2583	2025.0
2584	2025.0
2585	2025.0
2586	2025.0
2587	2025.0
2588	2025.0
2589	2025.0
2590	2025.0
2591	2025.0
2592	2025.0
2593	2025.0
2594	2025.0
2595	2025.0
2596	2025.0
2597	2025.0
2598	2025.0
2599	2025.0
2600	2025.0
2601	2025.0
2602	2025.0
2603	2025.0
2604	2025.0
2605	2025.0
2606	2025.0
2607	2025.0
2608	2025.0
2609	2025.0
2610	2025.0
2611	2025.0
2612	2025.0
2613	2025.0
2614	2025.0
2615	2025.0
2616	2025.0
2617	2025.0
2618	2025.0
2619	2025.0
2620	2025.0
2621	2025.0
2622	2025.0
2623	2025.0
2624	2025.0
2625	2024.5
2626	2023.0
2627	2022.5
2628	2022.0
2629	2021.5
2630	2021.0
2631	2021.0
2632	2021.0
2633	2021.0
2634	2021.0
2635	2021.0
2636	2021.0
2637	2020.5
2638	2020.0
2639	2019.5
2640	2019.0
2641	2017.5
2642	2017.0
2643	2017.0
2644	2017.0
2645	2017.0
2646	2017.0
2647	2017.0
2648	2016.5
2649	2015.764705882353
2650	2015.0
2651	2013.5
2652	2012.0
2653	2011.5
2654	2011.0
2655	2010.0
2656	2008.0
2657	2007.5
2658	2007.0
2659	2006.1714285714286
2660	2005.5
2661	2005.0
2662	2004.5
2663	2004.0
2664	2002.5
2665	2001.0
2666	2000.5
2667	1999.0
2668	1998.0
2669	1997.5
2670	1996.5
2671	1994.0
2672	1993.0
2673	1992.5
2674	1992.0
2675	1991.5
2676	1991.5
2677	1991.0
2678	1986.0
2679	1985.5
2680	1985.0
2681	1984.0
2682	1981.5
2683	1980.5
2684	1979.5
2685	1979.0
2686	1977.0
2687	1976.5
2688	1976.5
2689	1976.0
2690	1975.5
2691	1974.8529411764705
2692	1974.5
2693	1969.0
2694	1968.0
2695	1967.5
2696	1967.0
2697	1965.5
2698	1965.0
2699	1965.0
2700	1965.0
2701	1965.0
2702	1965.0
2703	1965.0
2704	1965.0
2705	1965.0
2706	1965.0
2707	1965.0
2708	1965.0
2709	1965.0
2710	1965.0
2711	1965.0
2712	1965.0
2713	1965.0
2714	1965.0
2715	1965.0
2716	1965.0
2717	1965.0
2718	1965.0
2719	1965.0
2720	1965.0
2721	1965.0
2722	1965.0
2723	1965.0
2724	1965.0
2725	1965.0
2726	1965.0
2727	1965.0
2728	1965.0
2729	1965.0
2730	1965.0
2731	1965.0
2732	1965.0
2733	1965.0
2734	1965.0
2735	1965.0
2736	1965.0
2737	1964.5
2738	1963.5
2739	1963.0
2740	1962.5
2741	1962.0
2742	1961.5
2743	1961.5
2744	1961.5
2745	1961.5
2746	1961.5
2747	1961.5
2748	1961.5
2749	1961.0
2750	1960.5
2751	1960.0
2752	1959.0
2753	1957.0
2754	1956.0
2755	1955.5
2756	1955.0
2757	1954.5
2758	1954.5
2759	1954.5
2760	1954.5
2761	1954.5
2762	1954.5
2763	1954.5
2764	1954.0
2765	1953.5
2766	1953.0
2767	1952.5
2768	1951.5
2769	1951.0
2770	1951.0
2771	1950.5
2772	1949.0
2773	1948.5
2774	1948.0
2775	1947.0
2776	1945.5
2777	1945.0
2778	1944.5
2779	1943.607142857143
2780	1943.5
2781	1943.0689655172414
2782	1943.5
2783	1943.0
2784	1942.5
2785	1942.0
2786	1941.5
2787	1939.5
2788	1938.5
2789	1938.0
2790	1937.5
2791	1936.5
2792	1936.0
2793	1936.0
2794	1936.0
2795	1936.0
2796	1936.0
2797	1936.0
2798	1936.0
2799	1936.0
2800	1936.0
2801	1935.5
2802	1934.0
2803	1933.5
2804	1933.0
2805	1932.5
2806	1932.0
2807	1932.0
2808	1932.0
2809	1932.0
2810	1932.0
2811	1932.0
2812	1931.5
2813	1926.0
2814	1925.0
2815	1924.0
2816	1922.5
2817	1919.5
2818	1918.5
2819	1918.0
2820	1917.5
2821	1917.0
2822	1917.0
2823	1917.0
2824	1916.5
2825	1916.0
2826	1915.5
2827	1914.5151515151515
2828	1907.5
2829	1906.0
2830	1905.0
2831	1904.0
2832	1902.5
2833	1902.0
2834	1902.0
2835	1902.0
2836	1902.0
2837	1902.0
2838	1902.0
2839	1901.5
2840	1901.0
2841	1900.5
2842	1900.0
2843	1898.5
2844	1898.0
2845	1898.0
2846	1898.0
2847	1898.0
2848	1898.0
2849	1898.0
2850	1898.0
2851	1898.0
2852	1898.0
2853	1897.5
2854	1896.0
2855	1895.5
2856	1895.0
2857	1894.5
2858	1894.0
2859	1894.0
2860	1894.0
2861	1894.0
2862	1894.0
2863	1894.0
2864	1894.0
2865	1893.5
2866	1893.0
2867	1892.5
2868	1892.0
2869	1890.5
2870	1890.0
2871	1890.0
2872	1890.0
2873	1890.0
2874	1890.0
2875	1890.0
2876	1889.5
2877	1888.5
2878	1888.0
2879	1887.5
2880	1887.0
2881	1886.5
2882	1886.5
2883	1886.0
2884	1884.5
2885	1884.0
2886	1883.5
2887	1883.0
2888	1882.0
2889	1881.5
2890	1880.148148148148
2891	1878.5
2892	1877.0
2893	1876.0
2894	1875.5
2895	1874.5
2896	1874.0
2897	1873.5
2898	1873.0
2899	1871.5
2900	1871.0
2901	1871.0
2902	1870.5
2903	1870.0
2904	1869.5
2905	1869.0
2906	1867.5
2907	1867.0
2908	1867.0
2909	1867.0
2910	1867.0
2911	1867.0
2912	1867.0
2913	1867.0
2914	1867.0
2915	1867.0
2916	1867.0
2917	1866.5
2918	1865.5
2919	1865.0
2920	1863.5
2921	1861.5
2922	1861.0
2923	1860.5
2924	1859.5
2925	1857.5
2926	1857.0
2927	1856.5
2928	1856.0
2929	1855.0
2930	1854.5
2931	1854.0
2932	1853.5
2933	1852.0
2934	1850.5
2935	1850.0
2936	1848.0
2937	1847.0
2938	1846.5
2939	1845.5
2940	1842.5
2941	1841.5
2942	1841.0
2943	1840.5
2944	1840.0
2945	1840.0
2946	1840.0
2947	1840.0
2948	1840.0
2949	1840.0
2950	1839.5
2951	1839.5
2952	1839.0
2953	1838.5
2954	1838.0
2955	1836.5
2956	1836.0
2957	1836.0
2958	1836.0
2959	1830.5
2960	1830.0
2961	1829.5
2962	1829.0
2963	1828.5
2964	1828.5
2965	1828.5
2966	1828.5
2967	1828.5
2968	1828.5
2969	1828.5
2970	1828.0
2971	1827.5
2972	1826.923076923077
2973	1826.5
2974	1821.5
2975	1821.0
2976	1821.0
2977	1821.0
2978	1821.0
2979	1821.0
2980	1821.0
2981	1821.0
2982	1821.0
2983	1821.0
2984	1821.0
2985	1821.0
2986	1821.0
2987	1821.0
2988	1820.5
2989	1819.0
2990	1818.5
2991	1818.0
2992	1817.5
2993	1817.0
2994	1817.0
2995	1817.0
2996	1817.0
2997	1817.0
2998	1817.0
2999	1817.0
3000	1816.5
3001	1815.95
3002	1815.5
3003	1815.0
3004	1813.5
3005	1813.0
3006	1813.0
3007	1813.0
3008	1813.0
3009	1813.0
3010	1813.0
3011	1813.0
3012	1813.0
3013	1813.0
3014	1813.0
3015	1813.0
3016	1813.0
3017	1813.0
3018	1813.0
3019	1813.0
3020	1813.0
3021	1813.0
3022	1813.0
3023	1813.0
3024	1813.0
3025	1813.0
3026	1813.0
3027	1813.0
3028	1813.0
3029	1813.0
3030	1813.0
3031	1813.0
3032	1812.5
3033	1811.0
3034	1810.5
3035	1810.0
3036	1809.5
3037	1809.0
3038	1809.0
3039	1809.0
3040	1809.0
3041	1809.0
3042	1809.0
3043	1809.0
3044	1808.5
3045	1808.0
3046	1807.5
3047	1807.0
3048	1805.5
3049	1805.0
3050	1804.7142857142858
3051	1805.0
3052	1805.0
3053	1805.0
3054	1805.0
3055	1805.0
3056	1805.0
3057	1805.0
3058	1805.0
3059	1804.5
3060	1803.0
3061	1802.5
3062	1802.0
3063	1801.5
3064	1801.0
3065	1801.0
3066	1801.0
3067	1801.0
3068	1801.0
3069	1801.0
3070	1801.0
3071	1800.5
3072	1800.0
3073	1799.5
3074	1798.5
3075	1795.0
3076	1794.0
3077	1793.5
3078	1793.0
3079	1792.5
3080	1792.5
3081	1792.5
3082	1792.5
3083	1792.5
3084	1792.5
3085	1792.5
3086	1792.0
3087	1791.5
3088	1791.0
3089	1790.5
3090	1788.5
3091	1788.0
3092	1788.0
3093	1788.0
3094	1788.0
3095	1788.0
3096	1788.0
3097	1788.0
3098	1788.0
3099	1788.0
3100	1788.0
3101	1788.0
3102	1788.0
3103	1788.0
3104	1788.0
3105	1788.0
3106	1788.0
3107	1787.5
3108	1786.0
3109	1785.5
3110	1785.0
3111	1784.5
3112	1784.0
3113	1784.0
3114	1784.0
3115	1784.0
3116	1784.0
3117	1784.0
3118	1783.5
3119	1783.5
3120	1783.0
3121	1782.5
3122	1782.0
3123	1780.5
3124	1780.0
3125	1780.0
3126	1779.5
3127	1778.0
3128	1777.5
3129	1777.0
3130	1776.5
3131	1776.0
3132	1776.0
3133	1776.0
3134	1776.0
3135	1776.0
3136	1776.0
3137	1776.0
3138	1775.5
3139	1775.0
3140	1774.5
3141	1774.0
3142	1772.5
3143	1772.0
3144	1772.0
3145	1772.0
3146	1772.0
3147	1772.0
3148	1772.0
3149	1772.0
3150	1772.0
3151	1772.0
3152	1772.0
3153	1772.0
3154	1772.0
3155	1772.0
3156	1772.0
3157	1772.0
3158	1772.0
3159	1772.0
3160	1772.0
3161	1772.0
3162	1772.0
3163	1772.0
3164	1772.0
3165	1772.0
3166	1772.0
3167	1772.0
3168	1772.0
3169	1772.0
3170	1772.0
3171	1772.0
3172	1772.0
3173	1772.0
3174	1772.0
3175	1772.0
3176	1772.0
3177	1772.0
3178	1772.0
3179	1772.0
3180	1772.0
3181	1772.0
3182	1772.0
3183	1772.0
3184	1772.0
3185	1772.0
3186	1772.0
3187	1772.0
3188	1772.0
3189	1772.0
3190	1772.0
3191	1772.0
3192	1772.0
3193	1772.0
3194	1772.0
3195	1772.0
3196	1772.0
3197	1771.5
3198	1770.0
3199	1769.5
3200	1769.0
3201	1768.5
3202	1768.0
3203	1768.0
3204	1768.0
3205	1768.0
3206	1768.0
3207	1768.0
3208	1768.0
3209	1767.5
3210	1767.0
3211	1766.5
3212	1765.5
3213	1762.8947368421052
3214	1761.5
3215	1761.0
3216	1760.5
3217	1760.0
3218	1760.0
3219	1760.0
3220	1760.0
3221	1760.0
3222	1759.5454545454545
3223	1760.0
3224	1759.5
3225	1759.0
3226	1758.5
3227	1758.0
3228	1756.5
3229	1756.0
3230	1756.0
3231	1756.0
3232	1756.0
3233	1756.0
3234	1756.0
3235	1756.0
3236	1756.0
3237	1756.0
3238	1756.0
3239	1756.0
3240	1756.0
3241	1756.0
3242	1756.0
3243	1756.0
3244	1756.0
3245	1756.0
3246	1756.0
3247	1756.0
3248	1756.0
3249	1756.0
3250	1756.0
3251	1756.0
3252	1756.0
3253	1756.0
3254	1756.0
3255	1756.0
3256	1756.0
3257	1756.0
3258	1756.0
3259	1756.0
3260	1755.5
3261	1753.5
3262	1753.0
3263	1752.5
3264	1752.0
3265	1751.5
3266	1751.5
3267	1751.5
3268	1751.5
3269	1751.5
3270	1751.0434782608695
3271	1751.5
3272	1751.0
3273	1750.5
3274	1750.0
3275	1749.0
3276	1745.5
3277	1744.5
3278	1744.0
3279	1743.5
3280	1743.0
3281	1743.0
3282	1743.0
3283	1743.0
3284	1743.0
3285	1743.0
3286	1742.5
3287	1742.5
3288	1742.0
3289	1741.5
3290	1741.0
3291	1739.5
3292	1739.0
3293	1739.0
3294	1739.0
3295	1739.0
3296	1739.0
3297	1739.0
3298	1738.5
3299	1736.5
3300	1736.0
3301	1735.5
3302	1735.0
3303	1734.5
3304	1734.5
3305	1734.5
3306	1734.5
3307	1734.5
3308	1734.5
3309	1734.5
3310	1734.0
3311	1733.5
3312	1733.0
3313	1732.5
3314	1730.5
3315	1730.0
3316	1730.0
3317	1730.0
3318	1730.0
3319	1730.0
3320	1730.0
3321	1730.0
3322	1730.0
3323	1730.0
3324	1730.0
3325	1730.0
3326	1730.0
3327	1730.0
3328	1730.0
3329	1730.0
3330	1730.0
3331	1730.0
3332	1730.0
3333	1730.0
3334	1730.0
3335	1730.0
3336	1730.0
3337	1730.0
3338	1730.0
3339	1730.0
3340	1730.0
3341	1730.0
3342	1730.0
3343	1730.0
3344	1730.0
3345	1730.0
3346	1730.0
3347	1730.0
3348	1730.0
3349	1730.0
3350	1730.0
3351	1730.0
3352	1730.0
3353	1730.0
3354	1730.0
3355	1730.0
3356	1730.0
3357	1730.0
3358	1730.0
3359	1730.0
3360	1730.0
3361	1730.0
3362	1730.0
3363	1730.0
3364	1730.0
3365	1730.0
3366	1730.0
3367	1730.0
3368	1730.0
3369	1730.0
3370	1730.0
3371	1730.0
3372	1730.0
3373	1730.0
3374	1730.0
3375	1730.0
3376	1730.0
3377	1730.0
3378	1730.0
3379	1730.0
3380	1730.0
3381	1730.0
3382	1730.0
3383	1730.0
3384	1730.0
3385	1730.0
3386	1730.0
3387	1730.0
3388	1730.0
3389	1730.0
3390	1730.0
3391	1730.0
3392	1730.0
3393	1730.0
3394	1730.0
3395	1730.0
3396	1730.0
3397	1730.0
3398	1730.0
3399	1730.0
3400	1730.0
3401	1730.0
3402	1730.0
3403	1730.0
3404	1730.0
3405	1730.0
3406	1730.0
3407	1730.0
3408	1730.0
3409	1730.0
3410	1730.0
3411	1730.0
3412	1730.0
3413	1730.0
3414	1730.0
3415	1730.0
3416	1730.0
3417	1729.5
3418	1727.5
3419	1727.0
3420	1726.5
3421	1726.0
3422	1725.5
3423	1725.5
3424	1725.5
3425	1725.5
3426	1725.5
3427	1725.5
3428	1725.5
3429	1725.0
3430	1724.5
3431	1724.0
3432	1723.5
3433	1721.5
3434	1721.0
3435	1721.0
3436	1721.0
3437	1721.0
3438	1721.0
3439	1721.0
3440	1721.0
3441	1721.0
3442	1721.0
3443	1721.0
3444	1721.0
3445	1721.0
3446	1721.0
3447	1721.0
3448	1721.0
3449	1721.0
3450	1721.0
3451	1721.0
3452	1721.0
3453	1721.0
3454	1721.0
3455	1721.0
3456	1721.0
3457	1721.0
3458	1721.0
3459	1721.0
3460	1721.0
3461	1721.0
3462	1721.0
3463	1721.0
3464	1721.0
3465	1721.0
3466	1721.0
3467	1721.0
3468	1721.0
3469	1721.0
3470	1721.0
3471	1721.0
3472	1721.0
3473	1721.0
3474	1721.0
3475	1721.0
3476	1721.0
3477	1721.0
3478	1721.0
3479	1721.0
3480	1721.0
3481	1721.0
3482	1721.0
3483	1721.0
3484	1721.0
3485	1721.0
3486	1721.0
3487	1721.0
3488	1721.0
3489	1721.0
3490	1721.0
3491	1721.0
3492	1721.0
3493	1721.0
3494	1721.0
3495	1721.0
3496	1721.0
3497	1721.0
3498	1721.0
3499	1721.0
3500	1720.5
3501	1718.5
3502	1718.0
3503	1717.5
3504	1717.0
3505	1716.5
3506	1716.9130434782608
3507	1716.5
3508	1716.8695652173913
3509	1716.5
3510	1716.5
3511	1716.5
3512	1716.0
3513	1715.5
3514	1715.0
3515	1714.5
3516	1712.5
3517	1712.0
3518	1712.0
3519	1712.0
3520	1712.0
3521	1712.0
3522	1712.0
3523	1712.0
3524	1712.0
3525	1712.0
3526	1711.9333333333334
3527	1709.0
3528	1708.5
3529	1708.0
3530	1707.0
3531	1704.0
3532	1703.5
3533	1703.4375
3534	1702.5
3535	1702.0
3536	1702.0
3537	1702.0
3538	1701.5
3539	1701.0
3540	1700.5
3541	1700.0
3542	1697.0
3543	1696.0
3544	1695.5
3545	1695.0
3546	1692.5
3547	1692.0
3548	1692.0
3549	1692.0
3550	1692.0
3551	1692.0
3552	1692.0
3553	1692.0
3554	1692.0
3555	1692.0
3556	1692.0
3557	1692.0
3558	1692.0
3559	1692.0
3560	1692.0
3561	1692.0
3562	1692.0
3563	1692.0
3564	1692.0
3565	1692.0
3566	1692.0
3567	1692.0
3568	1692.0
3569	1692.0
3570	1692.0
3571	1692.0
3572	1692.0
3573	1692.0
3574	1692.0
3575	1692.0
3576	1692.0
3577	1692.0
3578	1692.0
3579	1692.0
3580	1692.0
3581	1692.0
3582	1692.0
3583	1692.0
3584	1692.0
3585	1692.0
3586	1691.5
3587	1689.0
3588	1688.7142857142858
3589	1688.0
3590	1687.5
3591	1687.0
3592	1687.0
3593	1687.0
3594	1687.0
3595	1687.0
3596	1687.0
3597	1686.5
3598	1683.3333333333333
3599	1682.5
3600	1681.0
3601	1680.0
3602	1677.0
3603	1676.5
3604	1676.5
3605	1676.5
3606	1676.5
3607	1676.5
3608	1676.5
3609	1676.0
3610	1675.5
3611	1675.5
3612	1674.5
3613	1672.0
3614	1671.0
3615	1671.0
3616	1671.0
3617	1671.0
3618	1671.0
3619	1671.0
3620	1671.0
3621	1671.0
3622	1671.0
3623	1671.0
3624	1671.0
3625	1671.0
3626	1671.0
3627	1671.0
3628	1671.0
3629	1671.0
3630	1671.0
3631	1671.0
3632	1671.0
3633	1671.0
3634	1671.0
3635	1671.0
3636	1671.0
3637	1671.0
3638	1671.0
3639	1671.0
3640	1671.0
3641	1671.0
3642	1671.0
3643	1671.0
3644	1671.0
3645	1671.0
3646	1671.0
3647	1671.0
3648	1671.0
3649	1671.0
3650	1671.0
3651	1671.0
3652	1671.0
3653	1671.0
3654	1671.0
3655	1671.0
3656	1671.0
3657	1671.0
3658	1671.0
3659	1671.0
3660	1671.0
3661	1671.0
3662	1671.0
3663	1671.0
3664	1671.0
3665	1671.0
3666	1671.0
3667	1671.0
3668	1671.0
3669	1671.0
3670	1671.0
3671	1671.0
3672	1671.0
3673	1671.0
3674	1671.0
3675	1671.0
3676	1671.0
3677	1671.0
3678	1671.0
3679	1671.0
3680	1671.0
3681	1671.0
3682	1671.0
3683	1671.0
3684	1671.0
3685	1671.0
3686	1671.0
3687	1670.5
3688	1661.5
3689	1661.0
3690	1660.5
3691	1660.0
3692	1659.5
3693	1659.5
3694	1659.5
3695	1659.5
3696	1659.5
3697	1659.5
3698	1659.5
3699	1659.0
3700	1658.5
3701	1658.0
3702	1657.5
3703	1648.0
3704	1648.0
3705	1648.0
3706	1648.0
3707	1648.0
3708	1648.0
3709	1648.0
3710	1648.0
3711	1648.0
3712	1648.0
3713	1648.0
3714	1648.0
3715	1648.0
3716	1648.0
3717	1648.0
3718	1648.0
3719	1648.0
3720	1648.0
3721	1648.0
3722	1648.0
3723	1648.0
3724	1648.0
3725	1648.0
3726	1648.0
3727	1648.0
3728	1648.0
3729	1648.0
3730	1648.0
3731	1648.0
3732	1648.0
3733	1648.0
3734	1648.0
3735	1648.0
3736	1648.0
3737	1648.0
3738	1648.0
3739	1648.0
3740	1648.0
3741	1648.0
3742	1648.0
3743	1648.0
3744	1648.0
3745	1648.0
3746	1648.0
3747	1648.0
3748	1648.0
3749	1648.0
3750	1648.0
3751	1648.0
3752	1648.0
3753	1648.0
3754	1648.0
3755	1648.0
3756	1648.0
3757	1648.0
3758	1648.0
3759	1643.5
3760	1643.0
3761	1642.5
3762	1642.0
3763	1641.5
3764	1641.5
3765	1641.5
3766	1641.5
3767	1641.5
3768	1641.5
3769	1641.5
3770	1641.0
3771	1640.5
3772	1640.0
3773	1639.5
3774	1635.0
3775	1635.0
3776	1635.0
3777	1635.0
3778	1635.0
3779	1635.0
3780	1635.0
3781	1635.0
3782	1635.0
3783	1635.0
3784	1635.0
3785	1635.0
3786	1635.0
3787	1635.0
3788	1635.0
3789	1635.0
3790	1635.0
3791	1635.0
3792	1635.0
3793	1635.0
3794	1635.0
3795	1635.0
3796	1635.0
3797	1635.0
3798	1635.0
3799	1635.0
3800	1635.0
3801	1635.0
3802	1635.0
3803	1635.0
3804	1635.0
3805	1635.0
3806	1635.0
3807	1635.0
3808	1635.0
3809	1635.0
3810	1635.0
3811	1635.0
3812	1635.0
3813	1635.0
3814	1635.0
3815	1635.0
3816	1635.0
3817	1635.0
3818	1635.0
3819	1635.0
3820	1635.0
3821	1635.0
3822	1635.0
3823	1635.0
3824	1635.0
3825	1635.0
3826	1635.0
3827	1635.0
3828	1635.0
3829	1635.0
3830	1635.0
3831	1635.0
3832	1635.0
3833	1635.0
3834	1635.0
3835	1635.0
3836	1635.0
3837	1635.0
3838	1635.0
3839	1635.0
3840	1635.0
3841	1635.0
3842	1635.0
3843	1635.0
3844	1635.0
3845	1635.0
3846	1635.0
3847	1634.5
3848	1630.5
3849	1630.0
3850	1629.5
3851	1629.0
3852	1628.7777777777778
3853	1628.5
3854	1628.5
3855	1628.5
3856	1628.5
3857	1628.5
3858	1628.5
3859	1628.0
3860	1627.5
3861	1627.0
3862	1626.5
3863	1622.0
3864	1622.0
3865	1622.0
3866	1622.0
3867	1622.0
3868	1622.0
3869	1622.0
3870	1622.0
3871	1622.0
3872	1622.0
3873	1622.0
3874	1622.0
3875	1622.0
3876	1622.0
3877	1622.0
3878	1622.0
3879	1622.0
3880	1622.0
3881	1622.0
3882	1622.0
3883	1622.0
3884	1622.0
3885	1622.0
3886	1622.0
3887	1622.0
3888	1622.0
3889	1622.0
3890	1622.0
3891	1622.0
3892	1622.0
3893	1622.0
3894	1622.0
3895	1622.0
3896	1622.0
3897	1622.0
3898	1622.0
3899	1622.0
3900	1622.0
3901	1622.0
3902	1622.0
3903	1621.5
3904	1617.5
3905	1617.0
3906	1616.5
3907	1615.5
3908	1611.0
3909	1610.5
3910	1610.0
3911	1609.5
3912	1609.0
3913	1609.0
3914	1609.0
3915	1608.5
3916	1608.0
3917	1607.5
3918	1607.0
3919	1602.5
3920	1601.5
3921	1601.0
3922	1600.5
3923	1596.0
3924	1596.0
3925	1596.0
3926	1596.0
3927	1596.0
3928	1596.0
3929	1596.0
3930	1596.0
3931	1596.0
3932	1596.0
3933	1596.0
3934	1596.0
3935	1596.0
3936	1596.0
3937	1596.0
3938	1596.0
3939	1596.0
3940	1596.0
3941	1596.0
3942	1596.0
3943	1596.0
3944	1596.0
3945	1596.0
3946	1596.0
3947	1596.0
3948	1596.0
3949	1596.0
3950	1596.0
3951	1596.0
3952	1596.0
3953	1596.0
3954	1596.0
3955	1596.0
3956	1596.0
3957	1596.0
3958	1596.0
3959	1596.0
3960	1596.0
3961	1596.0
3962	1596.0
3963	1596.0
3964	1596.0
3965	1596.0
3966	1596.0
3967	1596.0
3968	1596.0
3969	1596.0
3970	1596.0
3971	1596.0
3972	1596.0
3973	1596.0
3974	1596.0
3975	1596.0
3976	1596.0
3977	1596.0
3978	1596.0
3979	1596.0
3980	1596.0
3981	1596.0
3982	1596.0
3983	1596.0
3984	1596.0
3985	1596.0
3986	1596.0
3987	1596.0
3988	1596.0
3989	1596.0
3990	1596.0
3991	1596.0
3992	1596.0
3993	1596.0
3994	1596.0
3995	1596.0
3996	1596.0
3997	1596.0
3998	1596.0
3999	1596.0
4000	1596.0
4001	1596.0
4002	1596.0
4003	1596.0
4004	1596.0
4005	1596.0
4006	1596.0
4007	1596.0
4008	1596.0
4009	1596.0
4010	1596.0
4011	1596.0
4012	1596.0
4013	1596.0
4014	1596.0
4015	1596.0
4016	1596.0
4017	1596.0
4018	1596.0
4019	1596.0
4020	1596.0
4021	1596.0
4022	1596.0
4023	1596.0
4024	1596.0
4025	1596.0
4026	1596.0
4027	1596.0
4028	1596.0
4029	1596.0
4030	1596.0
4031	1596.0
4032	1596.0
4033	1596.0
4034	1596.0
4035	1596.0
4036	1596.0
4037	1596.0
4038	1596.0
4039	1596.0
4040	1596.0
4041	1596.0
4042	1596.0
4043	1596.0
4044	1596.0
4045	1596.0
4046	1596.0
4047	1596.0
4048	1596.0
4049	1596.0
4050	1596.0
4051	1596.0
4052	1596.0
4053	1596.0
4054	1596.0
4055	1596.0
4056	1596.0
4057	1596.0
4058	1596.0
4059	1596.0
4060	1596.5
4061	1590.5
4062	1590.0
4063	1589.5
4064	1589.0
4065	1588.5
4066	1588.5
4067	1588.5
4068	1588.5
4069	1588.5
4070	1588.0344827586207
4071	1588.5
4072	1588.0
4073	1587.5
4074	1587.0
4075	1586.5
4076	1581.5
4077	1581.0
4078	1581.0
4079	1581.0
4080	1581.0
4081	1581.0
4082	1581.0
4083	1581.0
4084	1581.0
4085	1581.0
4086	1581.0
4087	1581.0
4088	1581.0
4089	1581.0
4090	1581.0
4091	1581.0
4092	1581.0
4093	1581.0
4094	1581.0
4095	1581.0
4096	1581.0
4097	1581.0
4098	1581.0
4099	1581.0
4100	1581.0
4101	1581.0
4102	1581.0
4103	1581.0
4104	1581.0
4105	1581.0
4106	1581.0
4107	1581.0
4108	1581.0
4109	1581.0
4110	1581.0
4111	1581.0
4112	1581.0
4113	1581.0
4114	1581.0
4115	1581.0
4116	1581.0
4117	1581.0
4118	1581.0
4119	1581.0
4120	1581.0
4121	1581.0
4122	1581.0
4123	1581.0
4124	1581.0
4125	1581.0
4126	1581.0
4127	1581.0
4128	1581.0
4129	1581.0
4130	1581.0
4131	1581.0
4132	1581.0
4133	1581.0
4134	1581.0
4135	1581.0
4136	1581.0
4137	1581.0
4138	1581.0
4139	1581.0
4140	1581.0
4141	1581.0
4142	1581.0
4143	1581.0
4144	1581.0
4145	1581.0
4146	1581.0
4147	1581.0
4148	1581.0
4149	1581.0
4150	1581.0
4151	1581.0
4152	1581.0
4153	1581.0
4154	1581.0
4155	1581.0
4156	1581.0
4157	1581.0
4158	1581.0
4159	1581.0
4160	1581.0
4161	1581.0
4162	1581.0
4163	1581.0
4164	1581.0
4165	1581.0
4166	1581.0
4167	1581.0
4168	1581.0
4169	1581.0
4170	1581.0
4171	1581.0
4172	1581.0
4173	1575.0
4174	1574.5
4175	1574.0
4176	1573.5
4177	1573.0
4178	1573.0
4179	1573.0
4180	1573.0
4181	1573.0
4182	1573.0
4183	1573.0
4184	1572.5
4185	1572.0
4186	1571.5
4187	1571.0
4188	1565.5
4189	1565.0
4190	1565.0
4191	1565.0
4192	1565.0
4193	1565.0
4194	1565.0
4195	1565.0
4196	1565.0
4197	1565.0
4198	1565.0
4199	1565.0
4200	1565.0
4201	1565.0
4202	1565.0
4203	1565.0
4204	1565.0
4205	1565.0
4206	1565.0
4207	1565.0
4208	1565.0
4209	1565.0
4210	1565.0
4211	1565.0
4212	1565.0
4213	1565.0
4214	1565.0
4215	1565.0
4216	1565.0
4217	1565.0
4218	1565.0
4219	1565.0
4220	1565.0
4221	1565.0
4222	1565.0
4223	1565.0
4224	1565.0
4225	1565.0
4226	1565.0
4227	1565.0
4228	1565.0
4229	1565.0
4230	1565.0
4231	1565.0
4232	1565.0
4233	1565.0
4234	1565.0
4235	1565.0
4236	1565.0
4237	1565.0
4238	1565.0
4239	1565.0
4240	1565.0
4241	1565.0
4242	1565.0
4243	1565.0
4244	1565.0
4245	1565.0
4246	1565.0
4247	1565.0
4248	1565.0
4249	1565.0
4250	1565.0
4251	1565.0
4252	1565.0
4253	1565.0
4254	1565.0
4255	1565.0
4256	1565.0
4257	1565.0
4258	1565.0
4259	1565.0
4260	1565.0
4261	1565.0
4262	1565.0
4263	1565.0
4264	1565.0
4265	1565.0
4266	1565.0
4267	1565.0
4268	1565.0
4269	1565.0
4270	1565.0
4271	1565.0
4272	1565.0
4273	1565.0
4274	1565.0
4275	1565.0
4276	1565.0
4277	1565.0
4278	1565.0
4279	1565.0
4280	1565.0
4281	1565.0
4282	1565.0
4283	1565.0
4284	1565.0
4285	1565.0
4286	1565.0
4287	1565.0
4288	1565.0
4289	1565.0
4290	1565.0
4291	1565.0
4292	1565.0
4293	1565.0
4294	1565.0
4295	1565.0
4296	1565.0
4297	1565.0
4298	1565.0
4299	1565.0
4300	1565.0
4301	1565.0
4302	1565.0
4303	1565.0
4304	1565.0
4305	1565.0
4306	1565.0
4307	1565.0
4308	1565.0
4309	1565.0
4310	1565.0
4311	1565.0
4312	1565.0
4313	1565.0
4314	1565.0
4315	1565.0
4316	1565.0
4317	1565.0
4318	1565.0
4319	1565.0
4320	1565.0
4321	1565.0
4322	1565.0
4323	1565.0
4324	1565.0
4325	1565.0
4326	1565.0
4327	1565.0
4328	1565.0
4329	1565.0
4330	1565.0
4331	1565.0
4332	1565.0
4333	1565.0
4334	1565.0
4335	1565.0
4336	1565.0
4337	1565.0
4338	1565.0
4339	1565.0
4340	1565.0
4341	1565.0
4342	1565.0
4343	1565.0
4344	1565.0
4345	1565.0
4346	1565.0
4347	1565.0
4348	1565.0
4349	1565.0
4350	1565.0
4351	1565.0
4352	1565.0
4353	1565.0
4354	1565.0
4355	1565.0
4356	1565.0
4357	1565.0
4358	1565.0
4359	1565.0
4360	1565.0
4361	1565.0
4362	1565.0
4363	1565.0
4364	1565.0
4365	1565.0
4366	1565.0
4367	1565.0
4368	1565.0
4369	1565.0
4370	1565.0
4371	1565.0
4372	1565.0
4373	1565.0
4374	1565.0
4375	1565.0
4376	1565.0
4377	1565.0
4378	1565.0
4379	1565.0
4380	1565.0
4381	1565.0
4382	1565.0
4383	1565.0
4384	1565.0
4385	1565.0
4386	1565.0
4387	1565.0
4388	1565.0
4389	1564.5
4390	1553.5
4391	1553.0
4392	1552.5
4393	1552.0
4394	1551.5
4395	1551.5
4396	1551.5
4397	1551.5
4398	1551.5
4399	1551.5
4400	1551.5
4401	1551.0
4402	1550.5
4403	1550.0526315789473
4404	1549.5
4405	1538.5
4406	1538.0
4407	1538.0
4408	1538.0
4409	1538.0
4410	1538.0
4411	1538.0
4412	1538.0
4413	1538.0
4414	1538.0
4415	1538.0
4416	1538.0
4417	1538.0
4418	1538.0
4419	1538.0
4420	1538.0
4421	1538.0
4422	1538.0
4423	1538.0
4424	1538.0
4425	1538.0
4426	1538.0
4427	1538.0
4428	1538.0
4429	1538.0
4430	1538.0
4431	1538.0
4432	1538.0
4433	1538.0
4434	1538.0
4435	1538.0
4436	1538.0
4437	1538.0
4438	1538.0
4439	1538.0
4440	1538.0
4441	1538.0
4442	1538.0
4443	1538.0
4444	1538.0
4445	1538.0
4446	1538.0
4447	1538.0
4448	1538.0
4449	1538.0
4450	1538.0
4451	1538.0
4452	1538.0
4453	1538.0
4454	1538.0
4455	1538.0
4456	1538.0
4457	1538.0
4458	1538.0
4459	1538.0
4460	1538.0
4461	1538.0
4462	1538.0
4463	1538.0
4464	1538.0
4465	1538.0
4466	1538.0
4467	1538.0
4468	1538.0
4469	1538.0
4470	1538.0
4471	1538.0
4472	1538.0
4473	1538.0
4474	1538.0
4475	1538.0
4476	1538.0
4477	1538.0
4478	1538.0
4479	1538.0
4480	1538.0
4481	1538.0
4482	1538.0
4483	1538.0
4484	1538.0
4485	1538.0
4486	1538.0
4487	1538.0
4488	1538.0
4489	1538.0
4490	1538.0
4491	1538.0
4492	1538.0
4493	1538.0
4494	1538.0
4495	1538.0
4496	1538.0
4497	1538.0
4498	1538.0
4499	1538.0
4500	1538.0
4501	1538.0
4502	1538.0
4503	1538.0
4504	1538.0
4505	1538.0
4506	1538.0
4507	1538.0
4508	1538.0
4509	1538.0
4510	1538.0
4511	1538.0
4512	1538.0
4513	1538.0
4514	1538.0
4515	1538.0
4516	1538.0
4517	1538.0
4518	1538.0
4519	1538.0
4520	1538.0
4521	1538.0
4522	1538.0
4523	1538.0
4524	1538.0
4525	1538.0
4526	1538.0
4527	1538.0
4528	1538.0
4529	1538.0
4530	1538.0
4531	1538.0
4532	1538.0
4533	1538.0
4534	1538.0
4535	1538.0
4536	1538.0
4537	1538.0
4538	1538.0
4539	1538.0
4540	1538.0
4541	1538.0
4542	1538.0
4543	1538.0
4544	1538.0
4545	1538.0
4546	1538.0
4547	1538.0
4548	1538.0
4549	1538.0
4550	1538.0
4551	1538.0
4552	1538.0
4553	1538.0
4554	1538.0
4555	1538.0
4556	1538.0
4557	1537.5
4558	1525.5
4559	1525.0
4560	1524.5
4561	1524.0
4562	1523.5
4563	1523.5
4564	1523.5
4565	1523.5
4566	1523.5
4567	1523.5
4568	1523.5
4569	1523.0
4570	1522.5
4571	1522.0
4572	1521.5
4573	1509.5
4574	1509.0
4575	1509.0
4576	1509.0
4577	1509.0
4578	1509.0
4579	1509.0
4580	1509.0
4581	1509.0
4582	1509.0
4583	1509.0
