X	Y
858	3258.0
859	3258.0
860	3258.0
861	3258.0
862	3258.0
863	3258.0
864	3258.0
865	3258.0
866	3258.0
867	3258.0
868	3258.0
869	3258.0
870	3258.0
871	3258.0
872	3258.0
873	3258.0
874	3258.0
875	3258.0
876	3258.0
877	3258.0
878	3258.0
879	3258.0
880	3258.0
881	3258.0
882	3258.0
883	3258.0
884	3258.0
885	3258.0
886	3258.0
887	3258.0
888	3258.0
889	3258.0
890	3258.0
891	3258.0
892	3258.0
893	3258.0
894	3258.0
895	3258.0
896	3258.0
897	3258.0
898	3258.0
899	3258.0
900	3258.0
901	3258.0
902	3258.0
903	3258.0
904	3258.0
905	3258.0
906	3258.0
907	3258.0
908	3258.0
909	3258.0
910	3258.0
911	3258.0
912	3258.0
913	3258.0
914	3258.0
915	3258.0
916	3258.0
917	3258.0
918	3258.0
919	3258.0
920	3258.0
921	3258.0
922	3258.0
923	3258.0
924	3258.0
925	3258.0
926	3258.0
927	3258.0
928	3258.0
929	3258.0
930	3258.0
931	3258.0
932	3258.0
933	3258.0
934	3258.0
935	3258.0
936	3258.0
937	3258.0
938	3258.0
939	3258.0
940	3258.0
941	3258.0
942	3258.0
943	3258.0
944	3258.0
945	3258.0
946	3258.0
947	3258.0
948	3258.0
949	3258.0
950	3258.0
951	3258.0
952	3258.0
953	3258.0
954	3258.0
955	3258.0
956	3258.0
957	3258.0
958	3258.0
959	3258.0
960	3258.0
961	3258.0
962	3258.0
963	3258.0
964	3258.0
965	3258.0
966	3258.0
967	3258.0
968	3258.0
969	3258.0
970	3258.0
971	3258.0
972	3258.0
973	3258.0
974	3258.0
975	3258.0
976	3258.0
977	3258.0
978	3258.0
979	3258.0
980	3258.0
981	3258.0
982	3258.0
983	3258.0
984	3258.0
985	3258.0
986	3258.0
987	3258.0
988	3258.0
989	3258.0
990	3258.0
991	3258.0
992	3258.0
993	3258.0
994	3258.0
995	3258.0
996	3258.0
997	3258.0
998	3258.0
999	3258.0
1000	3258.0
1001	3258.0
1002	3258.0
1003	3258.0
1004	3258.0
1005	3258.0
1006	3258.0
1007	3258.0
1008	3258.0
1009	3258.0
1010	3258.0
1011	3258.0
1012	3258.0
1013	3258.0
1014	3258.0
1015	3258.0
1016	3258.0
1017	3258.0
1018	3258.0
1019	3258.0
1020	3258.0
1021	3258.0
1022	3258.0
1023	3258.0
1024	3258.0
1025	3258.0
1026	3258.0
1027	3258.0
1028	3258.0
1029	3258.0
1030	3258.0
1031	3258.0
1032	3258.0
1033	3257.5
1034	3258.0
1035	3258.0
1036	3258.0
1037	3258.0
1038	3258.0
1039	3258.0
1040	3258.0
1041	3258.0
1042	3258.0
1043	3258.0
1044	3258.0
1045	3258.0
1046	3258.0
1047	3258.0
1048	3258.0
1049	3258.0
1050	3258.0
1051	3258.0
1052	3258.0
1053	3258.0
1054	3258.0
1055	3258.0
1056	3258.0
1057	3258.0
1058	3258.0
1059	3258.0
1060	3258.0
1061	3258.0
1062	3258.0
1063	3258.0
1064	3258.0
1065	3258.0
1066	3258.0
1067	3258.0
1068	3258.0
1069	3258.0
1070	3258.0
1071	3258.0
1072	3258.0
1073	3258.0
1074	3258.0
1075	3258.0
1076	3258.0
1077	3258.0
1078	3258.0
1079	3258.0
1080	3258.0
1081	3258.0
1082	3258.0
1083	3258.0
1084	3258.0
1085	3258.0
1086	3258.0
1087	3258.0
1088	3258.0
1089	3258.0
1090	3258.0
1091	3258.0
1092	3258.0
1093	3258.0
1094	3258.0
1095	3258.0
1096	3258.0
1097	3258.0
1098	3258.0
1099	3258.0
1100	3258.0
1101	3258.0
1102	3258.0
1103	3258.0
1104	3258.0
1105	3258.0
1106	3258.0
1107	3258.0
1108	3257.5
1109	3256.5
1110	3256.0
1111	3255.5
1112	3255.0
1113	3254.5
1114	3254.5
1115	3254.5
1116	3254.5
1117	3254.5
1118	3254.5
1119	3254.5
1120	3254.0
1121	3253.5
1122	3253.0
1123	3252.5
1124	3251.5
1125	3251.0
1126	3251.0
1127	3251.0
1128	3251.0
1129	3251.0
1130	3251.0
1131	3251.0
1132	3251.0
1133	3251.0
1134	3251.0
1135	3251.0
1136	3251.0
1137	3251.0
1138	3251.0
1139	3251.0
1140	3251.0
1141	3251.0
1142	3251.0
1143	3251.0
1144	3251.0
1145	3251.0
1146	3251.0
1147	3251.0
1148	3251.0
1149	3251.0
1150	3251.0
1151	3251.0
1152	3251.0
1153	3251.0
1154	3251.0
1155	3251.0
1156	3251.0
1157	3251.0
1158	3251.0
1159	3251.0
1160	3251.0
1161	3251.0
1162	3251.0
1163	3251.0
1164	3251.0
1165	3251.0
1166	3251.0
1167	3251.0
1168	3251.0
1169	3251.0
1170	3251.0
1171	3251.0
1172	3251.0
1173	3251.0
1174	3251.0
1175	3251.0
1176	3251.0
1177	3251.0
1178	3251.0
1179	3251.0
1180	3251.0
1181	3251.0
1182	3251.0
1183	3251.0
1184	3251.0
1185	3251.0
1186	3251.0
1187	3251.0
1188	3251.0
1189	3251.0
1190	3251.0
1191	3251.0
1192	3251.0
1193	3251.0
1194	3251.0
1195	3251.0
1196	3251.0
1197	3251.0
1198	3251.0
1199	3251.0
1200	3251.0
1201	3251.0
1202	3251.0
1203	3251.0
1204	3251.0
1205	3251.0
1206	3251.0
1207	3251.0
1208	3251.0
1209	3251.0
1210	3251.0
1211	3251.0
1212	3251.0
1213	3251.0
1214	3251.0
1215	3251.0
1216	3251.0
1217	3251.0
1218	3251.0
1219	3251.0
1220	3251.0
1221	3251.0
1222	3251.0
1223	3251.0
1224	3251.0
1225	3251.0
1226	3251.0
1227	3251.0
1228	3251.0
1229	3251.0
1230	3251.0
1231	3251.0
1232	3251.0
1233	3251.0
1234	3251.0
1235	3251.0
1236	3251.0
1237	3251.0
1238	3251.0
1239	3251.0
1240	3251.0
1241	3251.0
1242	3251.0
1243	3251.0
1244	3251.0
1245	3251.0
1246	3251.0
1247	3251.0
1248	3251.0
1249	3251.0
1250	3251.0
1251	3251.0
1252	3251.0
1253	3251.0
1254	3251.0
1255	3251.0
1256	3251.0
1257	3250.5
1258	3250.0
1259	3249.5
1260	3249.0
1261	3249.0
1262	3248.0
1263	3248.0
1264	3248.0
1265	3248.0
1266	3248.0
1267	3248.0
1268	3248.0
1269	3247.5
1270	3247.0
1271	3246.5
1272	3246.0
1273	3245.5
1274	3245.0
1275	3245.0
1276	3245.0
1277	3245.0
1278	3245.0
1279	3245.0
1280	3245.0
1281	3245.0
1282	3245.0
1283	3245.0
1284	3245.0
1285	3245.0
1286	3245.0
1287	3245.0
1288	3245.0
1289	3245.0
1290	3245.0
1291	3245.0
1292	3245.0
1293	3245.0
1294	3245.0
1295	3244.5
1296	3243.5
1297	3243.0
1298	3242.5
1299	3242.0
1300	3241.714285714286
1301	3241.5
1302	3241.5
1303	3241.5
1304	3241.5
1305	3241.5
1306	3241.5
1307	3241.0
1308	3240.5
1309	3240.0
1310	3238.8125
1311	3238.5
1312	3238.0
1313	3238.0
1314	3238.0
1315	3238.0
1316	3238.0
1317	3238.0
1318	3238.0
1319	3238.0
1320	3238.0
1321	3238.0
1322	3238.0
1323	3238.0
1324	3238.0
1325	3238.0
1326	3238.0
1327	3238.0
1328	3237.5
1329	3236.5
1330	3236.0
1331	3235.5
1332	3235.0
1333	3234.5
1334	3234.5
1335	3234.5
1336	3234.5
1337	3234.5
1338	3234.5
1339	3234.5
1340	3234.0
1341	3233.5
1342	3233.0
1343	3232.5
1344	3231.5
1345	3231.0
1346	3231.0
1347	3231.0
1348	3231.0
1349	3231.0
1350	3231.0
1351	3231.0
1352	3231.0
1353	3231.0
1354	3230.5
1355	3230.0
1356	3229.5
1357	3229.0
1358	3228.5
1359	3228.0
1360	3228.0
1361	3228.0
1362	3228.0
1363	3228.0
1364	3228.0
1365	3228.0
1366	3227.0
1367	3225.5
1368	3224.5
1369	3223.5
1370	3222.5
1371	3221.5
1372	3221.5
1373	3221.5
1374	3221.5
1375	3221.5
1376	3221.5
1377	3221.0
1378	3219.5
1379	3218.5
1380	3217.5
1381	3216.5
1382	3215.0
1383	3214.5
1384	3214.5
1385	3214.5
1386	3214.5
1387	3214.5
1388	3214.5
1389	3214.0
1390	3213.5
1391	3213.0
1392	3212.0
1393	3210.5
1394	3209.5
1395	3209.0
1396	3208.5
1397	3208.0
1398	3208.0
1399	3208.0
1400	3208.0
1401	3208.0
1402	3208.0
1403	3208.0
1404	3207.5
1405	3207.0
1406	3206.5
1407	3206.0
1408	3205.5
1409	3205.0
1410	3205.0
1411	3205.0
1412	3205.0
1413	3205.0
1414	3205.0
1415	3205.0
1416	3205.0
1417	3205.0
1418	3205.0
1419	3205.0
1420	3205.0
1421	3205.0
1422	3205.0
1423	3205.0
1424	3205.0
1425	3205.0
1426	3205.0
1427	3205.0
1428	3205.0
1429	3205.0
1430	3205.0
1431	3205.0
1432	3205.0
1433	3205.0
1434	3205.0
1435	3205.0
1436	3205.0
1437	3205.0
1438	3205.0
1439	3205.0
1440	3205.0
1441	3205.0
1442	3205.0
1443	3205.0
1444	3205.0
1445	3205.0
1446	3205.0
1447	3205.0
1448	3205.0
1449	3205.0
1450	3205.0
1451	3205.0
1452	3205.0
1453	3205.0
1454	3205.0
1455	3205.0
1456	3205.0
1457	3205.0
1458	3205.0
1459	3205.0
1460	3205.0
1461	3205.0
1462	3205.0
1463	3205.0
1464	3205.0
1465	3205.0
1466	3205.0
1467	3205.0
1468	3205.0
1469	3205.0
1470	3205.0
1471	3205.0
1472	3205.0
1473	3205.0
1474	3205.0
1475	3205.0
1476	3205.0
1477	3205.0
1478	3205.0
1479	3205.0
1480	3205.0
1481	3205.0
1482	3205.0
1483	3205.0
1484	3205.0
1485	3205.0
1486	3205.0
1487	3205.0
1488	3205.0
1489	3205.0
1490	3205.0
1491	3205.0
1492	3205.0
1493	3205.0
1494	3205.0
1495	3205.0
1496	3205.0
1497	3205.0
1498	3205.0
1499	3205.0
1500	3205.0
1501	3205.0
1502	3205.0
1503	3205.0
1504	3205.0
1505	3205.0
1506	3205.0
1507	3205.0
1508	3205.0
1509	3205.0
1510	3205.0
1511	3204.5
1512	3203.5
1513	3203.0
1514	3202.5
1515	3202.0
1516	3201.714285714286
1517	3201.5
1518	3201.5
1519	3201.5
1520	3201.5
1521	3201.5
1522	3201.5
1523	3201.0
1524	3200.5
1525	3200.0
1526	3198.8125
1527	3198.5
1528	3198.0
1529	3198.0
1530	3198.0
1531	3198.0
1532	3198.0
1533	3198.0
1534	3198.0
1535	3198.0
1536	3198.0
1537	3198.0
1538	3198.0
1539	3198.0
1540	3198.0
1541	3198.0
1542	3198.0
1543	3198.0
1544	3198.0
1545	3198.0
1546	3198.0
1547	3198.0
1548	3198.0
1549	3198.0
1550	3198.0
1551	3198.0
1552	3198.0
1553	3198.0
1554	3198.0
1555	3198.0
1556	3198.0
1557	3198.0
1558	3198.0
1559	3198.0
1560	3198.0
1561	3198.0
1562	3198.0
1563	3198.0
1564	3197.5
1565	3197.0
1566	3196.5
1567	3196.0
1568	3195.5
1569	3195.0
1570	3195.4
1571	3195.0
1572	3195.35
1573	3195.0
1574	3195.0
1575	3195.0
1576	3194.5
1577	3194.0
1578	3193.5
1579	3192.5
1580	3191.0
1581	3190.0
1582	3189.5
1583	3189.0
1584	3188.5
1585	3188.5
1586	3188.5
1587	3188.5
1588	3188.5
1589	3188.5
1590	3188.5
1591	3188.0
1592	3187.5
1593	3187.0
1594	3186.5
1595	3185.5
1596	3185.0
1597	3185.0
1598	3185.0
1599	3185.0
1600	3185.0
1601	3184.5
1602	3183.5
1603	3183.0
1604	3182.5
1605	3182.0
1606	3181.5
1607	3181.5
1608	3181.5
1609	3181.5
1610	3181.5
1611	3181.5
1612	3181.5
1613	3181.0
1614	3180.5
1615	3180.0
1616	3179.0
1617	3177.5
1618	3176.5
1619	3176.0
1620	3175.5
1621	3175.0
1622	3175.0
1623	3175.0
1624	3175.0
1625	3175.0
1626	3175.0
1627	3175.0
1628	3174.5
1629	3174.0
1630	3173.5
1631	3173.0
1632	3172.5
1633	3172.0
1634	3172.0
1635	3172.0
1636	3172.0
1637	3172.0
1638	3171.5
1639	3170.5
1640	3170.0
1641	3169.5
1642	3169.0
1643	3168.5
1644	3168.5
1645	3168.5
1646	3168.5
1647	3168.5
1648	3168.5
1649	3168.5
1650	3168.0
1651	3167.5
1652	3167.0
1653	3166.0
1654	3164.0
1655	3163.0
1656	3162.5
1657	3162.0
1658	3161.5
1659	3161.5
1660	3161.5
1661	3161.5
1662	3161.5
1663	3161.5
1664	3161.5
1665	3160.5
1666	3159.5
1667	3158.5
1668	3157.5
1669	3156.0
1670	3155.0
1671	3155.0
1672	3154.5
1673	3153.5
1674	3153.0
1675	3152.0
1676	3152.0
1677	3151.0
1678	3150.5
1679	3150.0
1680	3149.5
1681	3148.818181818182
1682	3148.5
1683	3148.5
1684	3148.0
1685	3147.5
1686	3147.0
1687	3146.5
1688	3145.5
1689	3145.0
1690	3145.0
1691	3145.0
1692	3145.0
1693	3145.0
1694	3145.0
1695	3145.0
1696	3145.0
1697	3145.0
1698	3145.0
1699	3145.0
1700	3145.0
1701	3145.0
1702	3145.0
1703	3145.0
1704	3145.0
1705	3145.0
1706	3145.0
1707	3145.0
1708	3145.0
1709	3145.0
1710	3145.0
1711	3145.0
1712	3145.0
1713	3145.0
1714	3145.0
1715	3145.0
1716	3145.0
1717	3145.0
1718	3145.0
1719	3145.0
1720	3145.0
1721	3145.0
1722	3145.0
1723	3145.0
1724	3145.0
1725	3145.0
1726	3145.0
1727	3145.0
1728	3145.0
1729	3145.0
1730	3145.0
1731	3145.0
1732	3145.0
1733	3145.0
1734	3145.0
1735	3145.0
1736	3144.5
1737	3143.764705882353
1738	3143.0
1739	3142.5
1740	3142.0
1741	3141.5
1742	3141.5
1743	3141.5
1744	3141.5
1745	3141.5
1746	3141.5
1747	3141.285714285714
1748	3141.0
1749	3140.5
1750	3140.0
1751	3139.0
1752	3137.5
1753	3136.5
1754	3136.0
1755	3135.5
1756	3135.0
1757	3135.0
1758	3134.5
1759	3130.0
1760	3129.5
1761	3129.0
1762	3128.5
1763	3127.151515151515
1764	3127.0
1765	3126.5
1766	3125.5
1767	3121.0
1768	3120.0
1769	3118.5
1770	3116.5
1771	3115.5
1772	3114.5
1773	3113.0
1774	3100.5
1775	3099.5
1776	3099.0
1777	3098.0
1778	3096.0
1779	3095.0
1780	3093.2631578947367
1781	3091.5
1782	3086.843137254902
1783	3084.5
1784	3083.0
1785	3080.0
1786	3078.5
1787	3077.5
1788	3076.5
1789	3068.0
1790	3067.0
1791	3066.5
1792	3066.0
1793	3064.5
1794	3063.0
1795	3061.8333333333335
1796	3060.0
1797	3058.5
1798	3057.5
1799	3056.5
1800	3055.0
1801	3054.5
1802	3054.5
1803	3054.5
1804	3054.5
1805	3054.5
1806	3054.5
1807	3054.0
1808	3053.5
1809	3053.0
1810	3052.5
1811	3051.5
1812	3051.0
1813	3051.0
1814	3051.0
1815	3051.0
1816	3051.0
1817	3051.0
1818	3051.0
1819	3051.0
1820	3051.0
1821	3051.0
1822	3050.5
1823	3050.0
1824	3049.5
1825	3049.0
1826	3048.5
1827	3048.0
1828	3048.0
1829	3047.5
1830	3046.5
1831	3046.0
1832	3045.5
1833	3044.5
1834	3042.5
1835	3041.5
1836	3040.5
1837	3039.0
1838	3034.0
1839	3033.0
1840	3031.5
1841	3026.5
1842	3025.5
1843	3024.5
1844	3023.0
1845	3016.5
1846	3015.4464285714284
1847	3014.0
1848	3012.5
1849	3010.0
1850	3008.5
1851	3006.5
1852	3004.5
1853	2999.5
1854	2997.5
1855	2996.5
1856	2991.5
1857	2990.5
1858	2990.0
1859	2989.5
1860	2984.5
1861	2983.5
1862	2983.0
1863	2982.5
1864	2981.0
1865	2980.0
1866	2979.0
1867	2974.0
1868	2973.0
1869	2972.5
1870	2971.5
1871	2970.0
1872	2969.5
1873	2969.0
1874	2968.5
1875	2968.0
1876	2968.0
1877	2968.0
1878	2967.5
1879	2967.0
1880	2966.5
1881	2966.0
1882	2961.5
1883	2960.5
1884	2960.0
1885	2959.5
1886	2958.0666666666666
1887	2958.0
1888	2958.0
1889	2957.5
1890	2953.5
1891	2953.0
1892	2952.5
1893	2952.0
1894	2951.5
1895	2951.5
1896	2951.5
1897	2951.5
1898	2951.5
1899	2951.5
1900	2951.5
1901	2951.0
1902	2950.5
1903	2950.0
1904	2949.0
1905	2944.277777777778
1906	2943.0
1907	2942.5
1908	2942.0
1909	2941.5
1910	2941.5
1911	2941.5
1912	2941.5
1913	2941.5
1914	2941.5
1915	2941.285714285714
1916	2941.0
1917	2940.5
1918	2940.0
1919	2939.5
1920	2938.5
1921	2938.0
1922	2938.0
1923	2938.0
1924	2938.0
1925	2938.0
1926	2938.0
1927	2938.0
1928	2938.0
1929	2938.0
1930	2938.0
1931	2938.0
1932	2938.0
1933	2938.0
1934	2938.0
1935	2938.0
1936	2938.0
1937	2938.0
1938	2938.0
1939	2938.0
1940	2938.0
1941	2938.0
1942	2938.0
1943	2938.0
1944	2938.0
1945	2938.0
1946	2938.0
1947	2938.0
1948	2938.0
1949	2938.0
1950	2938.0
1951	2938.0
1952	2938.0
1953	2938.0
1954	2938.0
1955	2938.0
1956	2938.0
1957	2938.0
1958	2938.0
1959	2938.0
1960	2938.0
1961	2938.0
1962	2938.0
1963	2938.0
1964	2938.0
1965	2938.0
1966	2938.0
1967	2938.0
1968	2938.0
1969	2938.0
1970	2938.0
1971	2937.5
1972	2936.5
1973	2936.0
1974	2935.5
1975	2935.0
1976	2934.5
1977	2934.5
1978	2934.5
1979	2934.5
1980	2934.5
1981	2934.5
1982	2934.5
1983	2934.0
1984	2933.5
1985	2933.0
1986	2932.0
1987	2930.5
1988	2929.5
1989	2929.0
1990	2928.5
1991	2928.0
1992	2928.0
1993	2928.0
1994	2928.0
1995	2928.0
1996	2928.0
1997	2928.0
1998	2927.5
1999	2927.0
2000	2926.5
2001	2926.0
2002	2925.5
2003	2925.0
2004	2925.0
2005	2924.5
2006	2923.5
2007	2923.0
2008	2922.5
2009	2922.0
2010	2921.5
2011	2921.5
2012	2921.5
2013	2921.5
2014	2921.5
2015	2921.5
2016	2921.5
2017	2921.0
2018	2920.5
2019	2920.0
2020	2919.5
2021	2918.5
2022	2918.0
2023	2918.0
2024	2918.0
2025	2918.0
2026	2918.0
2027	2917.5
2028	2916.5
2029	2916.0
2030	2915.5
2031	2915.0
2032	2914.5
2033	2914.5
2034	2914.5
2035	2914.0
2036	2913.5
2037	2912.6666666666665
2038	2912.5
2039	2911.5
2040	2910.5
2041	2910.0
2042	2909.5
2043	2908.5
2044	2908.0
2045	2908.0
2046	2908.0
2047	2907.5
2048	2907.0
2049	2906.5
2050	2905.5
2051	2904.0
2052	2903.0
2053	2901.5
2054	2900.0
2055	2899.5
2056	2899.0
2057	2898.5
2058	2898.0
2059	2898.0
2060	2898.0
2061	2898.0
2062	2897.5
2063	2897.0
2064	2896.5
2065	2896.0
2066	2894.5
2067	2893.0
2068	2892.5
2069	2891.5
2070	2891.0
2071	2891.0
2072	2891.0
2073	2891.0
2074	2891.0
2075	2891.0
2076	2891.0
2077	2891.0
2078	2891.0
2079	2890.5
2080	2880.0
2081	2879.5
2082	2879.0
2083	2878.0
2084	2876.5
2085	2876.0
2086	2875.5
2087	2875.0
2088	2874.5
2089	2874.9574468085107
2090	2874.5
2091	2874.0
2092	2873.5
2093	2873.0
2094	2872.0
2095	2860.0
2096	2858.5
2097	2857.5
2098	2856.5
2099	2855.0
2100	2854.5
2101	2854.5
2102	2854.5
2103	2854.5
2104	2854.5
2105	2854.5
2106	2853.5
2107	2852.0
2108	2851.0
2109	2850.0
2110	2848.8571428571427
2111	2847.5
2112	2847.5
2113	2847.5
2114	2847.5
2115	2847.5
2116	2847.5
2117	2847.0
2118	2846.0
2119	2845.0
2120	2844.0
2121	2843.0
2122	2841.5
2123	2841.0
2124	2841.0
2125	2841.0
2126	2841.0
2127	2841.0
2128	2841.0
2129	2840.5
2130	2840.0
2131	2839.5
2132	2839.0
2133	2838.5
2134	2838.0
2135	2838.0
2136	2838.0
2137	2838.0
2138	2838.0
2139	2837.5
2140	2836.5
2141	2836.0
2142	2835.5
2143	2835.0
2144	2834.5
2145	2834.5
2146	2834.5
2147	2834.5
2148	2834.5
2149	2834.190476190476
2150	2834.5
2151	2834.0
2152	2833.5
2153	2833.0
2154	2832.5
2155	2831.5
2156	2831.0
2157	2831.0
2158	2831.0
2159	2831.0
2160	2831.0
2161	2831.0
2162	2830.5
2163	2829.5
2164	2829.0
2165	2828.5
2166	2828.3
2167	2827.5
2168	2827.5
2169	2827.5
2170	2827.5
2171	2827.5
2172	2827.5
2173	2827.0
2174	2826.0
2175	2825.0
2176	2824.0
2177	2823.0
2178	2821.5
2179	2821.0
2180	2821.0
2181	2821.0
2182	2821.0
2183	2821.0
2184	2820.5
2185	2819.0
2186	2818.0
2187	2817.0
2188	2816.0
2189	2815.0
2190	2814.5
2191	2814.5
2192	2814.5
2193	2814.5
2194	2814.5
2195	2814.0
2196	2809.5
2197	2808.5
2198	2807.5
2199	2806.5
2200	2805.0
2201	2804.5
2202	2804.5
2203	2804.0
2204	2803.0
2205	2802.5
2206	2802.0
2207	2800.5
2208	2798.5
2209	2797.5
2210	2796.0
2211	2790.5
2212	2789.5
2213	2789.0
2214	2788.5
2215	2787.5
2216	2787.0
2217	2786.5
2218	2786.0
2219	2784.5
2220	2783.5
2221	2783.0
2222	2782.5
2223	2781.0
2224	2779.5
2225	2779.0
2226	2778.5
2227	2778.0
2228	2778.0
2229	2777.5
2230	2770.0
2231	2769.5
2232	2769.0
2233	2768.0
2234	2760.0
2235	2759.5
2236	2759.0
2237	2758.5
2238	2758.0
2239	2758.0
2240	2757.5
2241	2756.0
2242	2755.0
2243	2754.0
2244	2753.0
2245	2744.5
2246	2743.5
2247	2743.0
2248	2742.0
2249	2733.5
2250	2732.5
2251	2732.0
2252	2731.0
2253	2730.0
2254	2729.5
2255	2729.0
2256	2728.0
2257	2727.5
2258	2727.0476190476193
2259	2727.0
2260	2726.0
2261	2725.0
2262	2724.0
2263	2723.0
2264	2721.5
2265	2721.0
2266	2721.0
2267	2721.0
2268	2721.0
2269	2721.0
2270	2720.5
2271	2719.0
2272	2718.0
2273	2717.0
2274	2715.5
2275	2710.5
2276	2709.5
2277	2709.0
2278	2708.0
2279	2703.0
2280	2702.5
2281	2701.0
2282	2696.0
2283	2695.0
2284	2694.0
2285	2692.5
2286	2689.5
2287	2688.0
2288	2687.0
2289	2686.0
2290	2681.0
2291	2680.0
2292	2679.0
2293	2678.0
2294	2672.5
2295	2670.5
2296	2669.5
2297	2665.0
2298	2663.5
2299	2663.0
2300	2662.0
2301	2660.0
2302	2659.0
2303	2658.5
2304	2657.0
2305	2645.0
2306	2644.0
2307	2642.0
2308	2640.0
2309	2639.0
2310	2638.5
2311	2638.0
2312	2637.0
2313	2636.5
2314	2636.0
2315	2635.0
2316	2629.5
2317	2628.0
2318	2627.0
2319	2626.0
2320	2614.0
2321	2612.5
2322	2611.5
2323	2606.5
2324	2605.5
2325	2605.0
2326	2604.5
2327	2603.5
2328	2603.0
2329	2602.5
2330	2601.5
2331	2590.0
2332	2589.0
2333	2588.5
2334	2587.0
2335	2585.0
2336	2584.0
2337	2583.0
2338	2578.5
2339	2577.5
2340	2577.5
2341	2577.5
2342	2577.0
2343	2576.5
2344	2576.0
2345	2575.5
2346	2567.5
2347	2566.5
2348	2566.0
2349	2565.5
2350	2564.5
2351	2564.0
2352	2564.0
2353	2564.0
2354	2564.0
2355	2564.0
2356	2564.0
2357	2564.0
2358	2564.0
2359	2564.0
2360	2563.5
2361	2562.5
2362	2562.0
2363	2561.5
2364	2561.0
2365	2560.5
2366	2560.5
2367	2560.5
2368	2560.5
2369	2560.5
2370	2560.5
2371	2560.5
2372	2560.0
2373	2559.5
2374	2559.0
2375	2558.0
2376	2553.0
2377	2552.0
2378	2551.5
2379	2551.0
2380	2550.962962962963
2381	2550.5
2382	2550.0
2383	2549.0
2384	2548.5
2385	2548.0
2386	2547.5
2387	2546.5
2388	2546.0
2389	2545.5
2390	2545.0
2391	2541.0
2392	2540.5
2393	2540.0
2394	2539.0
2395	2538.0
2396	2537.0
2397	2536.0
2398	2534.5
2399	2534.0
2400	2534.0
2401	2534.0
2402	2534.0
2403	2534.0
2404	2534.0
2405	2533.5
2406	2533.0
2407	2532.5
2408	2532.0
2409	2531.5
2410	2531.0
2411	2531.0
2412	2531.0
2413	2531.0
2414	2531.0
2415	2531.0
2416	2531.0
2417	2531.0
2418	2531.0
2419	2531.0
2420	2531.0
2421	2531.0
2422	2531.0
2423	2531.0
2424	2531.0
2425	2531.0
2426	2531.0
2427	2531.0
2428	2531.0
2429	2531.0
2430	2531.0
2431	2531.0
2432	2531.0
2433	2531.0
2434	2531.0
2435	2531.0
2436	2531.0
2437	2531.0
2438	2531.0
2439	2531.0
2440	2531.0
2441	2531.0
2442	2530.5
2443	2529.5
2444	2529.0
2445	2528.5
2446	2528.35
2447	2527.5
2448	2527.5
2449	2527.5
2450	2527.5
2451	2527.5
2452	2527.5
2453	2527.5
2454	2527.0
2455	2526.5
2456	2526.0
2457	2525.5
2458	2524.5
2459	2524.0
2460	2524.0
2461	2524.0
2462	2524.0
2463	2524.0
2464	2524.0
2465	2524.0
2466	2524.0
2467	2524.0
2468	2524.0
2469	2524.0
2470	2524.0
2471	2524.0
2472	2524.0
2473	2524.0
2474	2524.0
2475	2524.0
2476	2524.0
2477	2524.0
2478	2524.0
2479	2523.5
2480	2522.5
2481	2522.0
2482	2521.5
2483	2521.0
2484	2520.5
2485	2520.5
2486	2520.5
2487	2520.0
2488	2516.0
2489	2515.5
2490	2515.0
2491	2514.0
2492	2513.0
2493	2512.5
2494	2512.0
2495	2511.0
2496	2510.5
2497	2510.5
2498	2510.5
2499	2510.0
2500	2509.5
2501	2509.0
2502	2508.5
2503	2504.5
2504	2504.0
2505	2504.0
2506	2504.0
2507	2504.0
2508	2504.0
2509	2503.9333333333334
2510	2502.5
2511	2502.0
2512	2501.5
2513	2501.0
2514	2500.5
2515	2500.5
2516	2500.5
2517	2500.5
2518	2500.5
2519	2500.5
2520	2500.5
2521	2500.0
2522	2499.5
2523	2499.0
2524	2498.5
2525	2497.5
2526	2497.0
2527	2497.0
2528	2497.0
2529	2497.0
2530	2497.0
2531	2497.0
2532	2497.0
2533	2497.0
2534	2497.0
2535	2497.0
2536	2497.0
2537	2497.0
2538	2497.0
2539	2496.5
2540	2496.375
2541	2495.5
2542	2495.0
2543	2494.5
2544	2494.0
2545	2494.0
2546	2494.0
2547	2494.0
2548	2494.0
2549	2494.0
2550	2494.0
2551	2493.5
2552	2493.0
2553	2492.5
2554	2492.0
2555	2491.5
2556	2491.0
2557	2491.0
2558	2491.0
2559	2491.0
2560	2491.0
2561	2491.0
2562	2491.0
2563	2491.0
2564	2491.0
2565	2490.5
2566	2489.5
2567	2489.0
2568	2488.5
2569	2487.5
2570	2486.0
2571	2485.5
2572	2485.0
2573	2484.0
2574	2479.5
2575	2479.0
2576	2478.5
2577	2477.5
2578	2476.5
2579	2476.0
2580	2475.5
2581	2474.0
2582	2473.0
2583	2472.5
2584	2472.0
2585	2470.5
2586	2469.5
2587	2469.0
2588	2468.5
2589	2464.5
2590	2464.0
2591	2463.5
2592	2462.5
2593	2462.0
2594	2461.5
2595	2461.0
2596	2460.5
2597	2460.5
2598	2460.5
2599	2460.5
2600	2460.5
2601	2460.5
2602	2460.5
2603	2459.5
2604	2455.0
2605	2454.0
2606	2453.0
2607	2451.5
2608	2450.5
2609	2450.5
2610	2450.5
2611	2450.5
2612	2450.5
2613	2450.5
2614	2450.0
2615	2448.5
2616	2447.5
2617	2446.5
2618	2445.5
2619	2441.0
2620	2440.5
2621	2440.5
2622	2440.5
2623	2440.5
2624	2440.5
2625	2440.0
2626	2439.0
2627	2438.0
2628	2437.0
2629	2436.0
2630	2434.5
2631	2434.0
2632	2434.0
2633	2434.0
2634	2434.0
2635	2434.0
2636	2433.5
2637	2432.0
2638	2431.0
2639	2430.0
2640	2429.0
2641	2428.0
2642	2427.904761904762
2643	2427.5
2644	2427.8571428571427
2645	2427.5
2646	2427.5
2647	2427.5
2648	2426.5
2649	2425.0
2650	2424.0
2651	2422.5
2652	2421.5
2653	2420.5
2654	2420.5
2655	2420.5
2656	2420.5
2657	2420.285714285714
2658	2420.5
2659	2420.5
2660	2420.0
2661	2419.5
2662	2418.5
2663	2414.0
2664	2412.5
2665	2411.5
2666	2411.0
2667	2410.5
2668	2410.5
2669	2410.5
2670	2410.5
2671	2410.5
2672	2410.5
2673	2410.5
2674	2409.5
2675	2408.0
2676	2406.6071428571427
2677	2406.0
2678	2401.5
2679	2400.5
2680	2400.5
2681	2400.5
2682	2400.5
2683	2400.5
2684	2400.5
2685	2400.5
2686	2400.0
2687	2399.5
2688	2399.0
2689	2398.0
2690	2396.0
2691	2395.0
2692	2394.5
2693	2394.0
2694	2393.5
2695	2393.5
2696	2393.0
2697	2392.5
2698	2392.0
2699	2391.5
2700	2391.0
2701	2390.0
2702	2389.5
2703	2389.0
2704	2388.5
2705	2387.5
2706	2387.0
2707	2387.0
2708	2386.5
2709	2386.0
2710	2385.5
2711	2385.0
2712	2384.5
2713	2384.0
2714	2384.0
2715	2383.5
2716	2382.5
2717	2382.0
2718	2381.5
2719	2381.0
2720	2380.5
2721	2380.5
2722	2380.5
2723	2380.5
2724	2380.5
2725	2380.8571428571427
2726	2380.0
2727	2378.5
2728	2377.5
2729	2376.5
2730	2375.5
2731	2374.0
2732	2373.5
2733	2373.5
2734	2373.5
2735	2373.5
2736	2373.5
2737	2373.5
2738	2373.0
2739	2372.5
2740	2372.0
2741	2371.5
2742	2370.5
2743	2370.0
2744	2370.0
2745	2370.0
2746	2370.0
2747	2370.0
2748	2369.5
2749	2368.5
2750	2368.0
2751	2367.5
2752	2367.0
2753	2366.5
2754	2366.5
2755	2366.5
2756	2366.0
2757	2365.5
2758	2365.0
2759	2364.5
2760	2363.5
2761	2362.5
2762	2362.0
2763	2361.5
2764	2360.5
2765	2360.0
2766	2360.0
2767	2360.0
2768	2359.5
2769	2359.0
2770	2358.5
2771	2358.0
2772	2357.5
2773	2357.0
2774	2357.0
2775	2356.5
2776	2352.0
2777	2351.5
2778	2351.0
2779	2350.5
2780	2350.0
2781	2350.0
2782	2349.7586206896553
2783	2349.0
2784	2348.5
2785	2348.0
2786	2347.5
2787	2346.5
2788	2346.0
2789	2345.5
2790	2345.0
2791	2340.5
2792	2340.0
2793	2340.0
2794	2339.5
2795	2339.0
2796	2338.5
2797	2338.0
2798	2337.5
2799	2337.0
2800	2337.0
2801	2336.5
2802	2335.5
2803	2335.0
2804	2334.5
2805	2333.5
2806	2332.0
2807	2331.5
2808	2331.0
2809	2330.5
2810	2330.0
2811	2330.0
2812	2330.0
2813	2329.5
2814	2329.0
2815	2328.5
2816	2327.5
2817	2325.5
2818	2324.0
2819	2323.0
2820	2322.0
2821	2320.5
2822	2320.0
2823	2320.0
2824	2320.0
2825	2320.0
2826	2320.0
2827	2319.5
2828	2318.0
2829	2317.0
2830	2316.0
2831	2314.5
2832	2312.5
2833	2311.5
2834	2310.0
2835	2308.5
2836	2308.0
2837	2307.5
2838	2306.5
2839	2305.0
2840	2304.0
2841	2303.0
2842	2301.5
2843	2298.5
2844	2297.0
2845	2296.0
2846	2294.5
2847	2291.5
2848	2289.5
2849	2288.0
2850	2285.0
2851	2283.5
2852	2282.5
2853	2281.0
2854	2278.837837837838
2855	2277.0
2856	2276.0
2857	2274.9189189189187
2858	2271.5
2859	2270.0
2860	2269.0
2861	2267.5
2862	2264.5
2863	2262.5
2864	2261.0
2865	2258.5
2866	2257.0
2867	2256.0
2868	2254.5
2869	2248.0
2870	2246.5
2871	2245.5
2872	2244.5
2873	2242.5
2874	2241.5
2875	2241.0
2876	2240.5
2877	2239.0
2878	2237.0967741935483
2879	2236.5
2880	2231.0
2881	2229.5
2882	2228.5
2883	2227.0
2884	2218.0
2885	2217.0
2886	2216.5
2887	2215.5
2888	2210.5
2889	2210.0
2890	2208.5
2891	2206.5
2892	2205.5
2893	2204.5
2894	2203.0
2895	2197.0
2896	2195.5
2897	2194.5
2898	2193.5
2899	2188.5
2900	2187.5
2901	2187.0
2902	2186.0
2903	2176.5
2904	2174.5
2905	2173.5
2906	2171.5
2907	2170.0
2908	2169.5
2909	2168.5
2910	2167.0
2911	2166.0
2912	2165.5
2913	2164.5
2914	2162.5
2915	2161.5
2916	2160.5
2917	2159.0
2918	2153.0
2919	2152.0
2920	2151.5
2921	2150.5
2922	2149.5
2923	2149.0
2924	2148.5
2925	2147.0
2926	2146.0
2927	2145.5
2928	2145.0
2929	2143.190476190476
2930	2142.5
2931	2142.0
2932	2141.0
2933	2139.0
2934	2138.0
2935	2136.5
2936	2131.5
2937	2131.0
2938	2130.5
2939	2130.0
2940	2129.5
2941	2129.5
2942	2129.3529411764707
2943	2129.0
2944	2127.5
2945	2126.5
2946	2125.5
2947	2124.5
2948	2122.9714285714285
2949	2121.0
2950	2120.0
2951	2114.5
2952	2113.5
2953	2113.0
2954	2112.5
2955	2111.5
2956	2111.0
2957	2110.5
2958	2109.8
2959	2107.5
2960	2106.5
2961	2105.0
2962	2103.0
2963	2102.0
2964	2101.0
2965	2100.0
2966	2098.5
2967	2098.0
2968	2098.0
2969	2098.0
2970	2097.5
2971	2097.0
2972	2096.5
2973	2096.0
2974	2094.5
2975	2093.0
2976	2092.5
2977	2091.5
2978	2091.0
2979	2091.0
2980	2091.0
2981	2091.0
2982	2091.0
2983	2091.0
2984	2091.0
2985	2091.0
2986	2091.0
2987	2091.0
2988	2090.5
2989	2089.5
2990	2089.0
2991	2087.5
2992	2086.0
2993	2085.5
2994	2085.0
2995	2084.5
2996	2084.0
2997	2084.0
2998	2084.0
2999	2084.0
3000	2083.5
3001	2083.0
3002	2082.5
3003	2081.5
3004	2079.0
3005	2077.0
3006	2076.0
3007	2074.5
3008	2073.5
3009	2073.5
3010	2073.0
3011	2068.0
3012	2067.5
3013	2067.0
3014	2066.0
3015	2064.0
3016	2063.0
3017	2062.0
3018	2060.5
3019	2058.0
3020	2057.0
3021	2056.5
3022	2055.5
3023	2054.5
3024	2054.0
3025	2053.5
3026	2048.0
3027	2047.0
3028	2046.5
3029	2046.0
3030	2044.142857142857
3031	2043.5
3032	2043.0
3033	2042.5
3034	2041.5
3035	2041.0
3036	2041.0
3037	2041.0
3038	2041.0
3039	2041.0
3040	2040.5
3041	2039.764705882353
3042	2039.0
3043	2038.5
3044	2037.5
3045	2035.5
3046	2035.0
3047	2033.5
3048	2032.0
3049	2031.5
3050	2031.0
3051	2030.1714285714286
3052	2029.5
3053	2029.0
3054	2028.5
3055	2028.0
3056	2026.5
3057	2025.5
3058	2025.0
3059	2024.5
3060	2022.5
3061	2021.0
3062	2020.0
3063	2014.0
3064	2013.0
3065	2012.5
3066	2011.5
3067	2009.5
3068	2009.0
3069	2008.5
3070	2008.0
3071	2007.5
3072	2007.5
3073	2007.5
3074	2007.0
3075	2006.5
3076	2006.0
3077	2005.0
3078	1998.5
3079	1997.0
3080	1996.0
3081	1995.0
3082	1993.0
3083	1992.5
3084	1992.5
3085	1992.5
3086	1992.5
3087	1992.5
3088	1992.5
3089	1991.5
3090	1986.0
3091	1985.0
3092	1983.6333333333334
3093	1982.5
3094	1981.5
3095	1981.5
3096	1981.5
3097	1981.5
3098	1981.5
3099	1981.5
3100	1981.5
3101	1981.0
3102	1980.5
3103	1980.0
3104	1979.5
3105	1974.5
3106	1974.0
3107	1973.5
3108	1972.5
3109	1972.0
3110	1971.5
3111	1971.0
3112	1970.5
3113	1970.5
3114	1970.5
3115	1970.5
3116	1970.5
3117	1970.1904761904761
3118	1970.5
3119	1970.0
3120	1969.5
3121	1969.0
3122	1968.0
3123	1965.5
3124	1964.5
3125	1964.0
3126	1963.5
3127	1963.0
3128	1963.0
3129	1963.0
3130	1963.0
3131	1963.0
3132	1963.0
3133	1963.0
3134	1962.5
3135	1962.0
3136	1961.5
3137	1960.5
3138	1957.5555555555557
3139	1957.0
3140	1956.5
3141	1956.0
3142	1955.5
3143	1955.5
3144	1955.5
3145	1955.5
3146	1955.5
3147	1955.5
3148	1955.5
3149	1955.0
3150	1954.5
3151	1954.0
3152	1953.5
3153	1952.5
3154	1952.0
3155	1952.0
3156	1952.0
3157	1952.0
3158	1952.0
3159	1952.0
3160	1952.0
3161	1952.0
3162	1952.0
3163	1951.5
3164	1950.0
3165	1949.5
3166	1949.0
3167	1948.5
3168	1948.0
3169	1948.0
3170	1948.0
3171	1947.5
3172	1946.5
3173	1946.0
3174	1944.5
3175	1942.0
3176	1941.0
3177	1940.0
3178	1939.0
3179	1937.0
3180	1936.5
3181	1936.5
3182	1936.5
3183	1936.0
3184	1935.5
3185	1935.0
3186	1934.5
3187	1933.0
3188	1931.5
3189	1931.0
3190	1929.5
3191	1929.0
3192	1929.0
3193	1929.0
3194	1929.0
3195	1929.0
3196	1929.0
3197	1928.5
3198	1927.8823529411766
3199	1927.0
3200	1926.5
3201	1925.5
3202	1923.5
3203	1923.0
3204	1922.5
3205	1922.0
3206	1921.5
3207	1921.5
3208	1921.5
3209	1921.0
3210	1920.5
3211	1920.0
3212	1919.5
3213	1918.0
3214	1917.0
3215	1916.5
3216	1916.0
3217	1914.5
3218	1914.0
3219	1914.0
3220	1914.0
3221	1914.0
3222	1914.0
3223	1914.0
3224	1914.0
3225	1914.0
3226	1914.0
3227	1913.5
3228	1912.5
3229	1912.0
3230	1911.5
3231	1911.0
3232	1910.5
3233	1910.5
3234	1910.5
3235	1910.5
3236	1910.5
3237	1910.5
3238	1910.0
3239	1908.0
3240	1907.0
3241	1906.0
3242	1904.5
3243	1901.5
3244	1900.5
3245	1899.5
3246	1899.5
3247	1899.0
3248	1899.0
3249	1899.0
3250	1898.5
3251	1898.0
3252	1897.5
3253	1897.0
3254	1895.0
3255	1894.0
3256	1893.5
3257	1893.0
3258	1891.5
3259	1891.0
3260	1891.0
3261	1891.0
3262	1891.0
3263	1891.0
3264	1891.0
3265	1891.0
3266	1891.0
3267	1891.0
3268	1891.0
3269	1891.0
3270	1891.0
3271	1891.0
3272	1891.0
3273	1891.0
3274	1891.0
3275	1891.0
3276	1891.0
3277	1891.0
3278	1891.0
3279	1890.5
3280	1889.0
3281	1888.5
3282	1888.0
3283	1887.5
3284	1887.0
3285	1887.0
3286	1887.0
3287	1887.0
3288	1887.0
3289	1887.0
3290	1887.0
3291	1886.5
3292	1886.0
3293	1885.5
3294	1885.0
3295	1883.5
3296	1883.0
3297	1883.0
3298	1882.5
3299	1877.0
3300	1876.5
3301	1875.5
3302	1875.5
3303	1875.0
3304	1875.0
3305	1875.0
3306	1875.0
3307	1875.0
3308	1875.0
3309	1875.0
3310	1874.5
3311	1874.0
3312	1873.5
3313	1872.5
3314	1865.5
3315	1864.5
3316	1864.0
3317	1863.5
3318	1863.0
3319	1863.0
3320	1862.5
3321	1861.0
3322	1860.5
3323	1860.0
3324	1859.0
3325	1856.0
3326	1855.0
3327	1854.0
3328	1853.0
3329	1851.0
3330	1850.5
3331	1850.5
3332	1850.0
3333	1849.5
3334	1849.0
3335	1848.5
3336	1846.5
3337	1845.5
3338	1845.0
3339	1844.5
3340	1842.5
3341	1842.0
3342	1842.0
3343	1842.0
3344	1842.0
3345	1842.0
3346	1842.0
3347	1842.0
3348	1842.0
3349	1842.0
3350	1842.0
3351	1842.0
3352	1842.0
3353	1842.0
3354	1842.0
3355	1842.0
3356	1842.0
3357	1842.0
3358	1842.0
3359	1842.0
3360	1842.0
3361	1842.0
3362	1842.0
3363	1842.0
3364	1842.0
3365	1842.0
3366	1842.0
3367	1842.0
3368	1842.0
3369	1842.0
3370	1842.0
3371	1842.0
3372	1842.0
3373	1842.0
3374	1842.0
3375	1842.0
3376	1841.5
3377	1840.0
3378	1839.5
3379	1839.0
3380	1838.5
3381	1838.0
3382	1838.0
3383	1838.0
3384	1838.0
3385	1838.0
3386	1838.0
3387	1838.0
3388	1837.5
3389	1837.0
3390	1836.5
3391	1836.0
3392	1834.5
3393	1834.0
3394	1834.0
3395	1834.0
3396	1834.0
3397	1834.0
3398	1834.0
3399	1834.0
3400	1834.0
3401	1834.0
3402	1834.0
3403	1834.0
3404	1834.0
3405	1834.0
3406	1834.0
3407	1834.0
3408	1834.0
3409	1834.0
3410	1833.5
3411	1832.0
3412	1831.5
3413	1831.0
3414	1830.5
3415	1830.0
3416	1830.0
3417	1830.0
3418	1830.0
3419	1830.0
3420	1830.0
3421	1830.0
3422	1829.5
3423	1829.0
3424	1828.5
3425	1828.0
3426	1826.5
3427	1826.0
3428	1826.0
3429	1826.0
3430	1826.0
3431	1826.0
3432	1825.5
3433	1823.5
3434	1823.0
3435	1822.0
3436	1822.0
3437	1821.5
3438	1821.5
3439	1821.5
3440	1821.5
3441	1821.5
3442	1821.5
3443	1821.5
3444	1821.0
3445	1820.5
3446	1820.0
3447	1819.5
3448	1817.5
3449	1817.0
3450	1817.0
3451	1816.5
3452	1814.5
3453	1814.0
3454	1813.5
3455	1813.0
3456	1812.5
3457	1812.5
3458	1812.5
3459	1812.5
3460	1812.5
3461	1812.5
3462	1812.0
3463	1806.0
3464	1804.5
3465	1803.0
3466	1802.5
3467	1800.0
3468	1799.5
3469	1799.5
3470	1799.5
3471	1799.5
3472	1799.5
3473	1799.5
3474	1799.0
3475	1798.5
3476	1798.0
3477	1797.5
3478	1791.0
3479	1791.0
3480	1791.0
3481	1791.0
3482	1791.0
3483	1791.0
3484	1791.0
3485	1790.5
3486	1788.5
3487	1788.0
3488	1787.5
3489	1787.0
3490	1786.5
3491	1786.5
3492	1786.5
3493	1786.5
3494	1786.5
3495	1786.5
3496	1786.5
3497	1786.0
3498	1785.5
3499	1785.0
3500	1784.5
3501	1782.5
3502	1782.0
3503	1782.0
3504	1782.0
3505	1782.0
3506	1782.0
3507	1781.5
3508	1780.0
3509	1779.5
3510	1779.0
3511	1778.5
3512	1778.0
3513	1778.0
3514	1778.0
3515	1777.5
3516	1775.5
3517	1774.642857142857
3518	1774.5
3519	1773.5
3520	1772.5
3521	1772.0
3522	1771.5
3523	1770.0
3524	1769.5
3525	1769.5
3526	1769.0
3527	1766.5
3528	1765.5
3529	1764.5
3530	1763.5
3531	1761.0
3532	1760.5
3533	1760.5
3534	1760.5
3535	1760.5
3536	1760.5
3537	1760.0
3538	1753.0
3539	1752.0
3540	1751.0
3541	1750.0
3542	1747.5
3543	1747.0
3544	1747.0
3545	1747.0
3546	1747.0
3547	1747.0
3548	1747.0
3549	1746.5
3550	1746.0
3551	1745.5
3552	1744.5
3553	1736.0
3554	1735.0
3555	1734.5
3556	1733.5
3557	1731.0
3558	1730.5
3559	1730.0
3560	1729.5
3561	1729.0
3562	1729.0
3563	1728.5
3564	1726.0
3565	1725.0
3566	1724.0
3567	1722.5
3568	1717.0
3569	1715.5
3570	1714.5
3571	1713.5
3572	1711.0
3573	1710.5
3574	1710.5
3575	1710.0
3576	1709.5
3577	1708.6
3578	1708.5
3579	1706.0
3580	1705.0
3581	1704.5
3582	1703.2380952380952
3583	1699.0
3584	1697.5
3585	1697.0
3586	1697.0
3587	1696.5
3588	1696.5
3589	1696.5
3590	1696.5
3591	1696.5
3592	1696.5
3593	1696.5
3594	1696.0
3595	1695.5
3596	1695.0
3597	1694.5
3598	1692.5
3599	1692.0
3600	1692.0
3601	1692.0
3602	1692.0
3603	1692.0
3604	1692.0
3605	1692.0
3606	1692.0
3607	1692.0
3608	1692.0
3609	1692.0
3610	1691.5
3611	1692.0
3612	1691.5
3613	1689.0
3614	1688.5
3615	1687.5
3616	1687.5
3617	1687.0
3618	1687.0
3619	1686.5
3620	1684.2333333333333
3621	1683.0
3622	1682.030303030303
3623	1682.5
3624	1681.5
3625	1681.0
3626	1680.5
3627	1679.7
3628	1677.5
3629	1677.0
3630	1677.0
3631	1676.5
3632	1676.0
3633	1675.5
3634	1675.0
3635	1672.5
3636	1672.0
3637	1672.0
3638	1671.5
3639	1664.0
3640	1663.5
3641	1663.0
3642	1662.5
3643	1662.0
3644	1662.0
3645	1662.0
3646	1662.0
3647	1662.0
3648	1662.0
3649	1661.5
3650	1658.5
3651	1658.0
3652	1657.0
3653	1655.5
3654	1647.5
3655	1647.0
3656	1647.0
3657	1647.0
3658	1647.0
3659	1647.0
3660	1647.0
3661	1646.5
3662	1646.0
3663	1645.5
3664	1645.0
3665	1642.5
3666	1642.0
3667	1642.0
3668	1641.5
3669	1638.5
3670	1638.3636363636363
3671	1637.5
3672	1637.0
3673	1636.5
3674	1636.5
3675	1636.5
3676	1636.5
3677	1636.5
3678	1636.5
3679	1636.5
3680	1636.0
3681	1635.5
3682	1635.0
3683	1634.5
3684	1631.5
3685	1631.0
3686	1631.0
3687	1631.0
3688	1631.0
3689	1631.0
3690	1631.0
3691	1631.0
3692	1631.0
3693	1631.0
3694	1631.0
3695	1631.0
3696	1631.0
3697	1631.0
3698	1631.0
3699	1631.0
3700	1631.0
3701	1630.5
3702	1627.5
3703	1627.0
3704	1626.5
3705	1626.0
3706	1625.5
3707	1625.5
3708	1625.5
3709	1625.5
3710	1625.5
3711	1625.5
3712	1625.5
3713	1625.0
3714	1624.5
3715	1624.0
3716	1623.0
3717	1617.0
3718	1616.0
3719	1615.5
3720	1615.0
3721	1614.5
3722	1614.84
3723	1614.5
3724	1614.5
3725	1614.5
3726	1614.04
3727	1614.5
3728	1614.0
3729	1613.5
3730	1613.0
3731	1612.0
3732	1606.0
3733	1605.0
3734	1604.5
3735	1603.5
3736	1600.0
3737	1599.5
3738	1599.0
3739	1598.5
3740	1598.0
3741	1598.0
3742	1598.0
3743	1597.5
3744	1597.0
3745	1596.5
3746	1595.5
3747	1588.5
3748	1587.0
3749	1586.0
3750	1585.0
3751	1581.5
3752	1581.0
3753	1581.0
3754	1581.0
3755	1581.0
3756	1581.0
3757	1581.0
3758	1580.5
3759	1580.0
3760	1579.5
3761	1579.0
3762	1575.5
3763	1575.0
3764	1575.0
3765	1574.5
3766	1571.2727272727273
3767	1570.5
3768	1570.0
3769	1569.5
3770	1569.0
3771	1569.0
3772	1569.0
3773	1569.0
3774	1569.0
3775	1569.0
3776	1569.0
3777	1568.5
3778	1568.0
3779	1567.5
3780	1567.0
3781	1563.5
3782	1563.0
3783	1563.0
3784	1563.0
3785	1563.0
3786	1563.0
3787	1563.0
3788	1563.0
3789	1563.0
3790	1563.0
3791	1563.0
3792	1563.0
3793	1563.0
3794	1563.0
3795	1563.0
3796	1563.0
3797	1563.0
3798	1563.0
3799	1563.0
3800	1563.0
3801	1563.0
3802	1563.0
3803	1563.0
3804	1563.0
3805	1563.0
3806	1563.0
3807	1563.0
3808	1563.0
3809	1563.0
3810	1563.0
3811	1563.0
3812	1563.0
3813	1563.0
3814	1563.0
3815	1563.0
3816	1563.0
3817	1563.0
3818	1563.0
3819	1563.0
3820	1563.0
3821	1563.0
3822	1563.0
3823	1563.0
3824	1563.0
3825	1563.0
3826	1563.0
3827	1563.0
3828	1563.0
3829	1563.0
3830	1563.0
3831	1563.0
3832	1563.0
3833	1563.0
3834	1563.0
3835	1563.0
3836	1563.0
3837	1563.0
3838	1563.0
3839	1563.0
3840	1563.0
3841	1563.0
3842	1563.0
3843	1563.0
3844	1563.0
3845	1563.0
3846	1563.0
3847	1563.0
3848	1563.0
3849	1563.0
3850	1563.0
3851	1563.0
3852	1563.0
3853	1563.0
3854	1563.0
3855	1563.0
3856	1563.0
3857	1563.0
3858	1563.0
3859	1563.0
3860	1563.0
3861	1563.0
3862	1563.0
3863	1563.0
3864	1563.0
3865	1563.0
3866	1563.0
3867	1563.0
3868	1563.0
3869	1563.0
3870	1563.0
3871	1563.0
3872	1563.0
3873	1563.0
3874	1563.0
3875	1563.0
3876	1563.0
3877	1563.0
3878	1563.0
3879	1563.0
3880	1563.0
3881	1563.0
3882	1563.0
3883	1563.0
3884	1563.0
3885	1563.0
3886	1563.0
3887	1563.0
3888	1563.0
3889	1563.0
3890	1563.0
3891	1563.0
3892	1563.0
3893	1563.0
3894	1563.0
3895	1563.0
3896	1563.0
3897	1563.0
3898	1563.0
3899	1563.0
3900	1563.0
3901	1563.0
3902	1563.0
3903	1562.5
3904	1558.5
3905	1558.0
3906	1557.5
3907	1557.0
3908	1556.7777777777778
3909	1556.5
3910	1556.5
3911	1556.5
3912	1556.5
3913	1556.5
3914	1556.5
3915	1556.0
3916	1555.5
3917	1555.0
3918	1554.5
3919	1550.0
3920	1550.0
3921	1550.0
3922	1550.0
3923	1550.0
3924	1550.0
3925	1550.0
3926	1550.0
3927	1550.0
3928	1550.0
3929	1550.0
3930	1550.0
3931	1550.0
3932	1550.0
3933	1550.0
3934	1550.0
3935	1550.0
3936	1550.0
3937	1550.0
3938	1550.0
3939	1550.0
3940	1550.0
3941	1550.0
3942	1550.0
3943	1550.0
3944	1550.0
3945	1550.0
3946	1550.0
3947	1550.0
3948	1550.0
3949	1550.0
3950	1550.0
3951	1550.0
3952	1550.0
3953	1550.0
3954	1550.0
3955	1550.0
3956	1550.0
3957	1550.0
3958	1550.0
3959	1550.0
3960	1550.0
3961	1550.0
3962	1550.0
3963	1549.5
3964	1545.0
3965	1544.68
3966	1544.0
3967	1543.5
3968	1543.0
3969	1543.5
3970	1543.0
3971	1543.0
3972	1543.0
3973	1542.642857142857
3974	1543.0
3975	1542.5
3976	1542.0
3977	1541.5
3978	1541.0
3979	1536.5
3980	1536.0
3981	1536.0
3982	1536.0
3983	1536.0
3984	1536.0
3985	1536.0
3986	1536.0
3987	1536.0
3988	1536.0
3989	1536.0
3990	1536.0
3991	1536.0
3992	1536.0
3993	1536.0
3994	1536.0
3995	1536.0
3996	1536.0
3997	1536.0
3998	1536.0
3999	1536.0
4000	1536.0
4001	1536.0
4002	1536.0
4003	1536.0
4004	1536.0
4005	1536.0
4006	1536.0
4007	1536.0
4008	1536.0
4009	1536.0
4010	1536.0
4011	1536.0
4012	1536.0
4013	1536.0
4014	1536.0
4015	1536.0
4016	1536.0
4017	1536.0
4018	1536.0
4019	1536.0
4020	1536.0
4021	1536.0
4022	1536.0
4023	1536.0
4024	1536.0
4025	1536.0
4026	1536.0
4027	1536.0
4028	1536.0
4029	1536.0
4030	1536.0
4031	1536.0
4032	1536.0
4033	1536.0
4034	1536.0
4035	1536.0
4036	1536.0
4037	1536.0
4038	1536.0
4039	1530.5
4040	1530.0
4041	1529.5
4042	1529.0
4043	1528.5
4044	1528.5
4045	1528.5
4046	1528.5
4047	1528.5
4048	1528.5
4049	1528.5
4050	1528.0
4051	1527.5
4052	1527.0
4053	1526.5
4054	1521.5
4055	1521.0
4056	1521.0
4057	1521.0
4058	1521.0
4059	1521.0
4060	1521.0
4061	1521.0
4062	1521.0
4063	1521.0
4064	1521.0
4065	1521.0
4066	1521.0
4067	1521.0
4068	1521.0
4069	1521.0
4070	1521.0
4071	1521.0
4072	1521.0
4073	1521.0
4074	1521.0
4075	1520.5
4076	1515.0
4077	1514.5
4078	1514.0
4079	1513.5
4080	1513.0
4081	1513.0
4082	1513.0
4083	1513.0
4084	1513.0
4085	1513.0
4086	1513.0
4087	1512.5
4088	1512.0
4089	1511.5
4090	1511.0
4091	1505.0
4092	1505.0
4093	1505.0
4094	1505.0
4095	1505.0
4096	1505.0
4097	1505.0
4098	1505.0
4099	1505.0
4100	1505.0
4101	1505.0
4102	1505.0
4103	1505.0
4104	1505.0
4105	1505.0
4106	1505.0
4107	1505.0
4108	1505.0
4109	1505.0
4110	1505.0
4111	1505.0
4112	1505.0
4113	1505.0
4114	1505.0
4115	1505.0
4116	1505.0
4117	1505.0
4118	1505.0
4119	1505.0
4120	1505.0
4121	1505.0
4122	1505.0
4123	1505.0
4124	1505.0
4125	1505.0
4126	1505.0
4127	1505.0
4128	1505.0
4129	1505.0
4130	1505.0
4131	1505.0
4132	1505.0
4133	1505.0
4134	1505.0
4135	1505.0
4136	1505.0
4137	1505.0
4138	1505.0
4139	1504.5
4140	1499.0
4141	1498.5
4142	1498.0
4143	1497.5
4144	1497.0
4145	1497.0
4146	1497.0
4147	1497.0
4148	1497.0
4149	1497.0
4150	1496.5
4151	1490.0
4152	1489.0
4153	1488.2439024390244
4154	1487.0
4155	1481.0
4156	1480.5
4157	1480.5
4158	1480.5
4159	1480.5
4160	1480.5
4161	1480.5
4162	1479.9
4163	1479.5
4164	1478.607142857143
4165	1478.5
4166	1472.5
4167	1472.0
4168	1472.0
4169	1472.0
4170	1472.0
4171	1472.0
4172	1472.0
4173	1472.0
4174	1472.0
4175	1472.0
4176	1472.0
4177	1472.0
4178	1472.0
4179	1472.0
4180	1472.0
4181	1472.0
4182	1472.0
4183	1472.0
4184	1472.0
4185	1472.0
4186	1472.0
4187	1472.0
4188	1472.0
4189	1472.0
4190	1472.0
4191	1472.0
4192	1472.0
4193	1472.0
4194	1472.0
4195	1472.0
4196	1472.0
4197	1472.0
4198	1472.0
4199	1472.0
4200	1472.0
4201	1472.0
4202	1472.0
4203	1472.0
4204	1472.0
4205	1472.0
4206	1472.0
4207	1472.0
4208	1472.0
4209	1472.0
4210	1472.0
4211	1472.0
4212	1472.0
4213	1472.0
4214	1472.0
4215	1472.0
4216	1472.0
4217	1472.0
4218	1472.0
4219	1472.0
4220	1472.0
4221	1472.0
4222	1472.0
4223	1472.0
4224	1472.0
4225	1472.0
4226	1472.0
4227	1472.0
4228	1472.0
4229	1472.0
4230	1472.0
4231	1472.0
4232	1472.0
4233	1472.0
4234	1472.0
4235	1472.0
4236	1472.0
4237	1472.0
4238	1472.0
4239	1472.0
4240	1472.0
4241	1472.0
4242	1472.0
4243	1472.0
4244	1472.0
4245	1472.0
4246	1472.0
4247	1472.0
4248	1472.0
4249	1472.0
4250	1472.0
4251	1472.0
4252	1472.0
4253	1472.0
4254	1472.0
4255	1472.0
4256	1472.0
4257	1472.0
4258	1472.0
4259	1472.0
4260	1472.0
4261	1472.0
4262	1472.0
4263	1472.0
4264	1472.0
4265	1472.0
4266	1472.0
4267	1472.0
4268	1472.0
4269	1472.0
4270	1472.0
4271	1465.0
4272	1464.5
4273	1464.0
4274	1463.5
4275	1463.0
4276	1463.0
4277	1463.0
4278	1463.0
4279	1463.0
4280	1463.0
4281	1463.0
4282	1462.5
4283	1462.0
4284	1461.5
4285	1461.0
4286	1454.5
4287	1454.0
4288	1454.0
4289	1454.0
4290	1454.0
4291	1454.0
4292	1454.0
4293	1454.0
4294	1454.0
4295	1454.0
4296	1454.0
4297	1454.0
4298	1454.0
4299	1454.0
4300	1454.0
4301	1454.0
4302	1454.0
4303	1454.0
4304	1454.0
4305	1454.0
4306	1454.0
4307	1454.0
4308	1454.0
4309	1454.0
4310	1454.0
4311	1454.0
4312	1454.0
4313	1454.0
4314	1454.0
4315	1454.0
4316	1454.0
4317	1454.0
4318	1454.0
4319	1454.0
4320	1454.0
4321	1454.0
4322	1454.0
4323	1454.0
4324	1454.0
4325	1454.0
4326	1454.0
4327	1454.0
4328	1454.0
4329	1454.0
4330	1454.0
4331	1454.0
4332	1454.0
4333	1454.0
4334	1454.0
4335	1454.0
4336	1454.0
4337	1454.0
4338	1454.0
4339	1454.0
4340	1454.0
4341	1454.0
4342	1454.0
4343	1454.0
4344	1454.0
4345	1454.0
4346	1454.0
4347	1454.0
4348	1454.0
4349	1454.0
4350	1454.0
4351	1454.0
4352	1454.0
4353	1454.0
4354	1454.0
4355	1454.0
4356	1454.0
4357	1454.0
4358	1454.0
4359	1454.0
4360	1454.0
4361	1454.0
4362	1454.0
4363	1454.0
4364	1454.0
4365	1454.0
4366	1454.0
4367	1454.0
4368	1454.0
4369	1454.0
4370	1454.0
4371	1454.0
4372	1454.0
4373	1454.0
4374	1454.0
4375	1454.0
4376	1454.0
4377	1454.0
4378	1454.0
4379	1454.0
4380	1454.0
4381	1454.0
4382	1454.0
4383	1454.0
4384	1454.0
4385	1454.0
4386	1454.0
4387	1454.0
4388	1454.0
4389	1454.0
4390	1454.0
4391	1454.0
4392	1454.0
4393	1454.0
4394	1454.0
4395	1454.0
4396	1454.0
4397	1454.0
4398	1454.0
4399	1454.0
4400	1454.0
4401	1454.0
4402	1454.0
4403	1454.0
4404	1454.0
4405	1454.0
4406	1454.0
4407	1454.0
4408	1454.0
4409	1454.0
4410	1454.0
4411	1454.0
4412	1454.0
4413	1454.0
4414	1454.0
4415	1453.5
4416	1443.5
4417	1443.0
4418	1442.5
4419	1442.0
4420	1441.5
4421	1441.5
4422	1441.5
4423	1441.5
4424	1441.5
4425	1441.5
4426	1441.5
4427	1441.0
4428	1440.5
4429	1440.0
4430	1439.5
4431	1429.0
4432	1429.0
4433	1429.0
4434	1429.0
4435	1429.0
4436	1429.0
4437	1429.0
4438	1429.0
4439	1429.0
4440	1429.0
4441	1429.0
4442	1429.0
4443	1429.0
4444	1429.0
4445	1429.0
4446	1429.0
4447	1429.0
4448	1429.0
4449	1429.0
4450	1429.0
4451	1429.0
4452	1429.0
4453	1429.0
4454	1429.0
4455	1429.0
4456	1429.0
4457	1429.0
4458	1429.0
4459	1429.0
4460	1429.0
4461	1429.0
4462	1429.0
4463	1429.0
4464	1429.0
4465	1429.0
4466	1429.0
4467	1429.0
4468	1429.0
4469	1429.0
4470	1429.0
4471	1429.0
4472	1429.0
4473	1429.0
4474	1429.0
4475	1429.0
4476	1429.0
4477	1429.0
4478	1429.0
4479	1429.0
4480	1429.0
4481	1429.0
4482	1429.0
4483	1429.0
4484	1429.0
4485	1429.0
4486	1429.0
4487	1429.0
4488	1429.0
4489	1429.0
4490	1429.0
4491	1429.0
4492	1429.0
4493	1429.0
4494	1429.0
4495	1429.0
4496	1429.0
4497	1429.0
4498	1429.0
4499	1429.0
4500	1429.0
4501	1429.0
4502	1429.0
4503	1429.0
4504	1429.0
4505	1429.0
4506	1429.0
4507	1429.0
4508	1429.0
4509	1429.0
4510	1429.0
4511	1429.0
4512	1429.0
4513	1429.0
4514	1429.0
4515	1429.0
4516	1429.0
4517	1429.0
4518	1429.0
4519	1429.0
4520	1429.0
4521	1429.0
4522	1429.0
4523	1429.0
4524	1429.0
4525	1429.0
4526	1429.0
4527	1429.0
4528	1429.0
4529	1429.0
4530	1429.0
4531	1429.0
4532	1429.0
4533	1429.0
4534	1429.0
4535	1429.0
4536	1429.0
4537	1429.0
4538	1429.0
4539	1429.0
4540	1429.0
4541	1429.0
4542	1429.0
4543	1429.0
4544	1429.0
4545	1429.0
4546	1429.0
4547	1429.0
4548	1429.0
4549	1429.0
4550	1429.0
4551	1429.0
4552	1429.0
4553	1429.0
4554	1429.0
4555	1429.0
4556	1429.0
4557	1429.0
4558	1429.0
4559	1429.0
4560	1429.0
4561	1429.0
4562	1429.0
4563	1429.0
4564	1429.0
4565	1429.0
4566	1429.0
4567	1429.0
4568	1429.0
4569	1429.0
4570	1429.0
4571	1429.0
4572	1429.0
4573	1429.0
4574	1429.0
4575	1429.0
4576	1429.0
4577	1429.0
4578	1429.0
4579	1429.0
4580	1429.0
4581	1429.0
4582	1429.0
4583	1428.5
